 WRA,,, WRB,,, RU_1,,, RU_2,,, RU_3,,, RU_4,,, ELB_M,,, ELB_L,,, H_1,,, H_2,,, H_3,,, H_4,,, H_5,,, H_6,,, SA_1,,, SA_2,,, SA_3,,, CS_1,,, CS_2,,, CS_3,,, CS_4,,
X,Y,Z,X,Y,Z,X,Y,Z,X,Y,Z,X,Y,Z,X,Y,Z,X,Y,Z,X,Y,Z,X,Y,Z,X,Y,Z,X,Y,Z,X,Y,Z,X,Y,Z,X,Y,Z,X,Y,Z,X,Y,Z,X,Y,Z,X,Y,Z,X,Y,Z,X,Y,Z,X,Y,Z
232.215,190.372,39.8508,292.938,191.42,14.2327,263.216,344.856,59.9883,242.303,263.454,39.5816,303.869,258.871,27.1437,318.5,346.509,46.3764,,,,321.201,430.587,43.9786,236.699,474.229,144.67,209.641,492.34,176.847,189.467,511.962,210.913,223.239,532.907,206.524,242.114,513.835,170.946,257.892,493.365,141.653,160.678,614.95,239.472,170.736,537.501,237.508,150.566,570.334,254.021,-31.053,481.428,158.77,-34.0981,491.307,184.356,10.6708,488.161,185.258,8.75991,480.208,158.344
232.675,190.265,40.0209,293.277,191.443,14.0822,263.559,344.843,60.1882,242.653,263.408,39.7424,304.212,258.952,27.0893,318.781,346.575,46.4017,,,,321.37,430.724,44.12,236.813,474.381,144.81,209.691,492.474,176.97,189.465,512.081,211.001,223.24,533.044,206.656,242.152,513.991,171.076,257.959,493.532,141.77,160.659,615.029,239.658,170.689,537.582,237.58,150.482,570.391,254.108,-31.0767,481.4,158.799,-34.1269,491.276,184.386,10.6278,488.133,185.325,8.74621,480.211,158.38
233.087,190.188,40.2182,293.56,191.481,13.9512,263.879,344.851,60.3911,242.965,263.388,39.9193,304.511,259.042,27.0459,319.04,346.65,46.4311,,,,321.529,430.864,44.2545,236.917,474.532,144.946,209.734,492.607,177.088,189.458,512.199,211.086,223.236,533.178,206.785,242.185,514.145,171.202,258.02,493.697,141.884,160.637,615.108,239.839,170.64,537.662,237.65,150.397,570.447,254.193,-31.1026,481.374,158.828,-34.1578,491.246,184.417,10.5839,488.108,185.39,8.73,480.214,158.416
233.449,190.14,40.4427,293.786,191.535,13.8396,264.176,344.879,60.597,243.241,263.393,40.1124,304.767,259.138,27.0135,319.277,346.732,46.4644,,,,321.679,431.007,44.3821,237.012,474.68,145.077,209.771,492.738,177.202,189.447,512.314,211.168,223.228,533.31,206.91,242.211,514.296,171.325,258.073,493.86,141.994,160.613,615.186,240.017,170.589,537.742,237.719,150.311,570.503,254.277,-31.1307,481.349,158.857,-34.1907,491.219,184.447,10.539,488.085,185.453,8.7113,480.218,158.451
233.762,190.121,40.6944,293.955,191.604,13.7474,264.449,344.928,60.8058,243.48,263.424,40.3216,304.98,259.243,26.9921,319.492,346.823,46.5016,,,,321.82,431.152,44.5028,237.098,474.827,145.203,209.801,492.867,177.313,189.431,512.428,211.247,223.216,533.439,207.031,242.232,514.444,171.444,258.119,494.02,142.1,160.586,615.263,240.191,170.536,537.82,237.787,150.224,570.558,254.358,-31.1611,481.327,158.885,-34.2257,491.193,184.476,10.4931,488.064,185.514,8.69009,480.224,158.486
234.026,190.132,40.9732,294.067,191.688,13.6747,264.698,344.996,61.0175,243.681,263.479,40.5469,305.151,259.355,26.9816,319.685,346.921,46.5429,,,,321.952,431.3,44.6166,237.175,474.973,145.325,209.824,492.995,177.419,189.41,512.54,211.324,223.199,533.566,207.149,242.248,514.59,171.559,258.159,494.178,142.203,160.558,615.339,240.362,170.481,537.896,237.853,150.136,570.614,254.438,-31.1937,481.307,158.913,-34.2627,491.17,184.506,10.4463,488.046,185.573,8.66638,480.23,158.52
234.241,190.173,41.279,294.122,191.788,13.6216,264.924,345.085,61.2321,243.846,263.56,40.7882,305.277,259.474,26.9822,319.857,347.027,46.5882,,,,322.075,431.45,44.7236,237.243,475.116,145.442,209.84,493.121,177.522,189.385,512.65,211.398,223.179,533.689,207.263,242.257,514.732,171.67,258.191,494.333,142.303,160.527,615.414,240.528,170.424,537.972,237.918,150.048,570.668,254.517,-31.2285,481.289,158.941,-34.3018,491.149,184.535,10.3985,488.03,185.63,8.64016,480.238,158.554
234.406,190.243,41.6118,294.12,191.904,13.588,265.127,345.194,61.4495,243.973,263.667,41.0455,305.361,259.601,26.9939,320.006,347.14,46.6375,,,,322.188,431.603,44.8238,237.301,475.258,145.555,209.849,493.245,177.62,189.356,512.759,211.47,223.154,533.81,207.374,242.261,514.872,171.777,258.216,494.486,142.399,160.495,615.489,240.691,170.364,538.047,237.982,149.958,570.723,254.593,-31.2656,481.273,158.968,-34.3429,491.13,184.563,10.3497,488.017,185.684,8.61145,480.246,158.587
234.52,190.342,41.9711,294.061,192.034,13.5741,265.305,345.323,61.6696,244.063,263.798,41.3184,305.401,259.735,27.0167,320.132,347.261,46.6909,,,,322.292,431.759,44.9174,237.35,475.398,145.664,209.852,493.368,177.715,189.321,512.866,211.538,223.125,533.928,207.481,242.259,515.009,171.88,258.235,494.637,142.492,160.46,615.562,240.849,170.303,538.12,238.044,149.868,570.776,254.668,-31.3049,481.259,158.995,-34.3861,491.114,184.592,10.3,488.006,185.737,8.58022,480.256,158.62
234.584,190.471,42.3568,293.944,192.18,13.5801,265.459,345.472,61.8922,244.115,263.954,41.6068,305.398,259.877,27.0507,320.237,347.39,46.7485,,,,322.387,431.916,45.0045,237.39,475.536,145.768,209.848,493.489,177.805,189.283,512.971,211.604,223.092,534.044,207.585,242.251,515.143,171.979,258.246,494.785,142.582,160.423,615.634,241.004,170.239,538.192,238.106,149.777,570.83,254.741,-31.3464,481.247,159.022,-34.4313,491.099,184.62,10.2493,487.998,185.787,8.54649,480.267,158.652
234.597,190.629,42.7684,293.77,192.341,13.6061,265.588,345.64,62.1171,244.128,264.135,41.9102,305.35,260.026,27.0961,320.318,347.525,46.8104,,,,322.472,432.075,45.0853,237.42,475.673,145.867,209.837,493.608,177.892,189.239,513.074,211.668,223.055,534.156,207.685,242.238,515.274,172.075,258.25,494.93,142.667,160.383,615.706,241.155,170.173,538.263,238.165,149.685,570.883,254.813,-31.3902,481.237,159.049,-34.4786,491.087,184.648,10.1975,487.992,185.836,8.51025,480.278,158.683
234.557,190.816,43.2052,293.538,192.516,13.6522,265.691,345.828,62.3441,244.103,264.341,42.2283,305.259,260.181,27.1527,320.376,347.667,46.8765,,,,322.548,432.236,45.1598,237.441,475.807,145.961,209.82,493.725,177.974,189.191,513.175,211.728,223.013,534.266,207.782,242.218,515.402,172.166,258.247,495.072,142.75,160.342,615.776,241.302,170.105,538.333,238.224,149.593,570.935,254.883,-31.4362,481.229,159.075,-34.5279,491.076,184.676,10.1448,487.989,185.882,8.4715,480.291,158.714
234.464,191.031,43.6664,293.248,192.705,13.7187,265.769,346.034,62.5727,244.038,264.57,42.5604,305.123,260.343,27.2209,320.41,347.815,46.9471,,,,322.613,432.398,45.2284,237.452,475.939,146.052,209.795,493.84,178.053,189.139,513.275,211.786,222.967,534.372,207.875,242.193,515.526,172.254,258.237,495.212,142.829,160.298,615.846,241.445,170.035,538.401,238.281,149.499,570.988,254.951,-31.4844,481.223,159.101,-34.5793,491.068,184.704,10.0911,487.988,185.926,8.43023,480.305,158.745
234.317,191.275,44.1512,292.9,192.908,13.8055,265.819,346.259,62.8026,243.933,264.823,42.9059,304.942,260.511,27.3006,320.42,347.969,47.0221,,,,322.669,432.56,45.2911,237.454,476.069,146.137,209.764,493.954,178.128,189.081,513.372,211.842,222.917,534.476,207.964,242.162,515.648,172.337,258.219,495.348,142.904,160.252,615.914,241.584,169.962,538.468,238.337,149.405,571.039,255.018,-31.5349,481.219,159.126,-34.6327,491.062,184.731,10.0363,487.99,185.968,8.38645,480.319,158.775
234.114,191.547,44.6584,292.493,193.124,13.9129,265.842,346.502,63.0333,243.788,265.1,43.2638,304.716,260.685,27.392,320.405,348.127,47.1017,,,,322.714,432.722,45.3483,237.446,476.196,146.218,209.725,494.065,178.198,189.019,513.468,211.894,222.863,534.577,208.05,242.124,515.766,172.417,258.193,495.481,142.975,160.204,615.981,241.72,169.888,538.534,238.392,149.31,571.09,255.082,-31.5877,481.217,159.152,-34.6883,491.058,184.758,9.9805,487.994,186.008,8.34014,480.335,158.804
233.856,191.846,45.1868,292.029,193.352,14.0409,265.837,346.762,63.2642,243.601,265.398,43.6333,304.445,260.864,27.495,320.364,348.29,47.1858,,,,322.748,432.884,45.4001,237.428,476.32,146.294,209.68,494.174,178.265,188.953,513.561,211.945,222.804,534.674,208.132,242.081,515.88,172.492,258.16,495.611,143.043,160.154,616.048,241.851,169.811,538.599,238.445,149.214,571.141,255.145,-31.6427,481.217,159.177,-34.7459,491.056,184.785,9.9236,488.001,186.046,8.2913,480.352,158.833
233.54,192.171,45.7347,291.506,193.591,14.1892,265.802,347.037,63.4947,243.372,265.717,44.0132,304.128,261.046,27.6097,320.296,348.457,47.2744,,,,322.771,433.045,45.4467,237.4,476.442,146.366,209.627,494.28,178.328,188.881,513.652,211.992,222.741,534.768,208.21,242.031,515.991,172.564,258.119,495.736,143.107,160.102,616.113,241.979,169.732,538.662,238.497,149.118,571.191,255.207,-31.6999,481.219,159.201,-34.8056,491.057,184.811,9.8656,488.01,186.082,8.23991,480.37,158.862
233.166,192.521,46.3007,290.925,193.841,14.3577,265.736,347.328,63.724,243.101,266.057,44.4022,303.765,261.233,27.7358,320.202,348.625,47.3677,,,,322.783,433.203,45.4885,237.361,476.56,146.433,209.567,494.384,178.386,188.805,513.741,212.037,222.674,534.858,208.285,241.975,516.097,172.631,258.07,495.858,143.168,160.048,616.177,242.103,169.651,538.724,238.548,149.02,571.241,255.267,-31.7595,481.223,159.226,-34.8674,491.059,184.838,9.80646,488.022,186.116,8.18598,480.389,158.89
232.732,192.895,46.8827,290.286,194.101,14.546,265.639,347.632,63.9516,242.786,266.416,44.7991,303.356,261.422,27.8735,320.079,348.796,47.4654,,,,322.781,433.358,45.5255,237.313,476.675,146.495,209.499,494.486,178.441,188.724,513.828,212.079,222.602,534.945,208.357,241.913,516.199,172.694,258.013,495.975,143.224,159.991,616.24,242.223,169.567,538.785,238.598,148.922,571.29,255.325,-31.8213,481.229,159.25,-34.9313,491.064,184.864,9.74614,488.037,186.148,8.1295,480.409,158.917
232.24,193.292,47.4789,289.59,194.368,14.7536,265.509,347.949,64.1764,242.427,266.792,45.2025,302.901,261.613,28.0222,319.928,348.966,47.5674,,,,322.767,433.509,45.558,237.253,476.785,146.553,209.424,494.584,178.492,188.638,513.911,212.119,222.526,535.027,208.425,241.844,516.297,172.753,257.947,496.087,143.277,159.933,616.302,242.339,169.481,538.844,238.646,148.823,571.338,255.381,-31.8854,481.237,159.274,-34.9973,491.071,184.889,9.68462,488.054,186.178,8.07045,480.43,158.944
231.687,193.71,48.0872,288.838,194.643,14.9798,265.345,348.276,64.3977,242.024,267.184,45.6107,302.399,261.805,28.1819,319.747,349.136,47.6736,,,,322.739,433.654,45.5862,237.183,476.891,146.605,209.342,494.679,178.539,188.547,513.992,212.156,222.445,535.106,208.489,241.769,516.389,172.808,257.873,496.193,143.325,159.873,616.362,242.452,169.393,538.901,238.693,148.723,571.386,255.436,-31.9518,481.248,159.298,-35.0655,491.08,184.915,9.62183,488.074,186.206,8.00882,480.452,158.971
231.073,194.147,48.7053,288.029,194.922,15.2237,265.147,348.613,64.6148,241.576,267.591,46.0223,301.852,261.997,28.352,319.535,349.303,47.7836,,,,322.697,433.794,45.6103,237.102,476.993,146.654,209.252,494.77,178.582,188.451,514.071,212.191,222.36,535.18,208.55,241.687,516.476,172.859,257.789,496.294,143.37,159.81,616.422,242.56,169.303,538.957,238.739,148.622,571.433,255.489,-32.0206,481.26,159.321,-35.1358,491.091,184.94,9.55775,488.097,186.232,7.94461,480.475,158.997
230.399,194.601,49.331,287.165,195.205,15.4842,264.914,348.957,64.8266,241.084,268.01,46.4357,301.259,262.187,28.532,319.293,349.467,47.8972,,,,322.64,433.926,45.6304,237.01,477.089,146.697,209.154,494.858,178.622,188.35,514.146,212.224,222.271,535.25,208.607,241.598,516.558,172.906,257.697,496.389,143.41,159.746,616.48,242.665,169.211,539.011,238.783,148.521,571.479,255.541,-32.0917,481.274,159.344,-35.2083,491.105,184.965,9.49233,488.122,186.256,7.87779,480.499,159.023
229.665,195.071,49.962,286.246,195.49,15.76,264.644,349.307,65.0324,240.547,268.439,46.8492,300.62,262.374,28.7213,319.019,349.627,48.0139,,,,322.566,434.049,45.6466,236.907,477.18,146.736,209.048,494.941,178.657,188.244,514.219,212.254,222.177,535.315,208.66,241.502,516.634,172.948,257.596,496.477,143.446,159.68,616.536,242.767,169.116,539.063,238.827,148.418,571.524,255.591,-32.1651,481.291,159.367,-35.283,491.12,184.99,9.4255,488.15,186.278,7.80835,480.524,159.049
228.872,195.554,50.5958,285.275,195.776,16.0496,264.338,349.661,65.2315,239.965,268.877,47.2612,299.937,262.558,28.9192,318.712,349.78,48.1332,,,,322.477,434.163,45.659,236.792,477.264,146.77,208.934,495.021,178.689,188.132,514.287,212.281,222.078,535.375,208.71,241.399,516.703,172.986,257.484,496.558,143.478,159.612,616.591,242.864,169.018,539.114,238.869,148.315,571.569,255.639,-32.2408,481.309,159.39,-35.3598,491.138,185.014,9.35723,488.181,186.298,7.73628,480.55,159.074
228.02,196.047,51.2303,284.252,196.06,16.3516,263.995,350.016,65.423,239.339,269.322,47.6702,299.209,262.736,29.1248,318.373,349.925,48.2546,,,,322.37,434.266,45.6677,236.665,477.342,146.8,208.812,495.095,178.717,188.016,514.353,212.307,221.975,535.43,208.757,241.289,516.766,173.02,257.364,496.63,143.506,159.542,616.645,242.958,168.919,539.162,238.91,148.211,571.613,255.686,-32.319,481.33,159.412,-35.4389,491.159,185.039,9.28745,488.215,186.316,7.66157,480.577,159.099
227.111,196.549,51.8632,283.179,196.34,16.6641,263.615,350.371,65.6063,238.67,269.77,48.0748,298.438,262.908,29.3373,318.002,350.061,48.3774,,,,322.245,434.357,45.6726,236.527,477.413,146.825,208.682,495.165,178.742,187.894,514.415,212.33,221.867,535.479,208.8,241.172,516.821,173.05,257.233,496.695,143.529,159.471,616.697,243.049,168.816,539.209,238.95,148.106,571.655,255.731,-32.3996,481.352,159.435,-35.5203,491.181,185.063,9.21611,488.252,186.333,7.58419,480.605,159.123
226.145,197.056,52.4922,282.057,196.615,16.9852,263.198,350.723,65.7808,237.957,270.22,48.4735,297.625,263.072,29.5557,317.597,350.187,48.5009,,,,322.102,434.435,45.6739,236.376,477.477,146.845,208.543,495.23,178.763,187.767,514.473,212.351,221.755,535.523,208.84,241.048,516.869,173.076,257.092,496.751,143.548,159.398,616.747,243.136,168.712,539.253,238.989,148,571.697,255.775,-32.4825,481.377,159.457,-35.6039,491.206,185.086,9.14317,488.292,186.348,7.50414,480.634,159.148
225.127,197.565,53.1155,280.889,196.883,17.313,262.743,351.071,65.9461,237.203,270.669,48.865,296.771,263.228,29.7788,317.16,350.301,48.6245,,,,321.94,434.498,45.6714,236.214,477.532,146.861,208.397,495.289,178.781,187.635,514.527,212.371,221.638,535.56,208.876,240.917,516.91,173.097,256.941,496.798,143.562,159.323,616.796,243.22,168.605,539.295,239.026,147.894,571.737,255.818,-32.5679,481.403,159.479,-35.6897,491.233,185.11,9.06856,488.335,186.361,7.42139,480.664,159.172
224.056,198.076,53.731,279.676,197.141,17.6454,262.253,351.412,66.1016,236.409,271.115,49.2484,295.878,263.373,30.0056,316.69,350.402,48.7471,,,,321.758,434.546,45.6651,236.04,477.58,146.873,208.241,495.343,178.795,187.497,514.577,212.388,221.516,535.592,208.909,240.777,516.942,173.114,256.78,496.835,143.572,159.246,616.843,243.3,168.495,539.335,239.063,147.786,571.777,255.859,-32.6558,481.432,159.5,-35.7779,491.262,185.133,8.99223,488.38,186.372,7.33592,480.695,159.196
222.937,198.584,54.3371,278.42,197.389,17.9804,261.727,351.744,66.2473,235.575,271.557,49.6225,294.947,263.507,30.2349,316.188,350.488,48.8681,,,,321.555,434.578,45.6549,235.853,477.618,146.881,208.078,495.39,178.807,187.354,514.622,212.403,221.39,535.617,208.939,240.631,516.966,173.127,256.608,496.862,143.578,159.168,616.888,243.377,168.383,539.373,239.099,147.678,571.815,255.899,-32.7461,481.462,159.522,-35.8684,491.293,185.156,8.91414,488.429,186.382,7.24773,480.727,159.22
221.772,199.087,54.9322,277.124,197.623,18.3159,261.165,352.066,66.3829,234.703,271.991,49.9865,293.979,263.628,30.4655,315.654,350.559,48.9866,,,,321.333,434.592,45.6407,235.655,477.648,146.884,207.906,495.432,178.815,187.206,514.663,212.417,221.26,535.635,208.965,240.477,516.981,173.136,256.426,496.879,143.579,159.089,616.931,243.451,168.269,539.408,239.134,147.569,571.852,255.937,-32.839,481.495,159.543,-35.9612,491.327,185.179,8.83422,488.481,186.39,7.1568,480.76,159.244
220.563,199.582,55.515,275.79,197.844,18.6498,260.571,352.375,66.5084,233.797,272.416,50.3399,292.977,263.736,30.6962,315.09,350.613,49.1017,,,,321.09,434.589,45.6224,235.445,477.668,146.884,207.726,495.466,178.82,187.052,514.7,212.429,221.124,535.647,208.989,240.316,516.987,173.141,256.234,496.884,143.576,159.008,616.972,243.521,168.152,539.441,239.169,147.459,571.887,255.974,-32.9343,481.529,159.565,-36.0564,491.363,185.201,8.75244,488.536,186.397,7.0631,480.794,159.267
219.315,200.068,56.0844,274.42,198.048,18.9803,259.943,352.669,66.6239,232.856,272.829,50.6822,291.942,263.829,30.9259,314.495,350.65,49.2125,,,,320.825,434.567,45.5998,235.223,477.678,146.88,207.537,495.495,178.823,186.893,514.732,212.439,220.985,535.651,209.01,240.147,516.984,173.143,256.031,496.879,143.569,158.925,617.011,243.589,168.032,539.472,239.202,147.347,571.921,256.01,-33.0322,481.566,159.586,-36.154,491.402,185.223,8.66872,488.594,186.403,6.96663,480.828,159.291
218.03,200.542,56.6395,273.017,198.235,19.3055,259.286,352.948,66.7298,231.885,273.228,51.0132,290.877,263.907,31.1535,313.872,350.668,49.3183,,,,320.54,434.525,45.5728,234.99,477.679,146.872,207.34,495.516,178.823,186.729,514.759,212.449,220.841,535.649,209.028,239.971,516.971,173.14,255.818,496.862,143.558,158.842,617.048,243.654,167.91,539.499,239.235,147.235,571.954,256.045,-33.1326,481.605,159.607,-36.254,491.442,185.245,8.58302,488.655,186.407,6.86736,480.864,159.315
216.713,201.001,57.1796,271.584,198.403,19.6238,258.599,353.209,66.8263,230.884,273.613,51.3328,289.784,263.969,31.3779,313.222,350.668,49.4182,,,,320.234,434.464,45.5413,234.745,477.669,146.861,207.136,495.531,178.821,186.56,514.781,212.457,220.692,535.64,209.043,239.788,516.949,173.134,255.594,496.834,143.542,158.756,617.083,243.716,167.785,539.524,239.267,147.122,571.986,256.079,-33.2356,481.645,159.628,-36.3565,491.485,185.267,8.49528,488.719,186.41,6.7653,480.901,159.339
215.368,201.444,57.7044,270.124,198.552,19.9337,257.885,353.452,66.9141,229.857,273.981,51.6411,288.665,264.014,31.598,312.545,350.647,49.5116,,,,319.907,434.382,45.5051,234.488,477.649,146.846,206.923,495.538,178.817,186.385,514.799,212.464,220.539,535.623,209.056,239.597,516.917,173.125,255.36,496.794,143.522,158.67,617.116,243.775,167.658,539.547,239.299,147.008,572.015,256.112,-33.3411,481.688,159.648,-36.4614,491.531,185.288,8.40546,488.786,186.412,6.66041,480.938,159.363
213.997,201.87,58.2138,268.638,198.68,20.2339,257.146,353.674,66.9937,228.805,274.33,51.9386,287.523,264.041,31.8131,311.844,350.607,49.5977,,,,319.559,434.28,45.4641,234.221,477.619,146.829,206.702,495.538,178.811,186.205,514.811,212.471,220.382,535.599,209.067,239.399,516.875,173.112,255.117,496.743,143.499,158.582,617.147,243.832,167.528,539.567,239.331,146.893,572.044,256.145,-33.4493,481.732,159.669,-36.5687,491.578,185.309,8.31348,488.856,186.413,6.55271,480.976,159.387
212.605,202.275,58.7077,267.131,198.787,20.5234,256.385,353.875,67.0659,227.733,274.661,52.2256,286.359,264.051,32.0224,311.119,350.546,49.6762,,,,319.192,434.158,45.4183,233.944,477.578,146.81,206.473,495.53,178.804,186.02,514.818,212.476,220.22,535.567,209.075,239.195,516.824,173.096,254.863,496.679,143.472,158.493,617.175,243.886,167.395,539.583,239.362,146.777,572.071,256.176,-33.5601,481.778,159.69,-36.6786,491.628,185.33,8.2193,488.93,186.413,6.44216,481.015,159.411
211.195,202.66,59.1866,265.604,198.873,20.8015,255.603,354.054,67.1315,226.641,274.97,52.503,285.177,264.043,32.2253,310.373,350.464,49.7465,,,,318.804,434.015,45.3676,233.656,477.526,146.788,206.237,495.516,178.795,185.83,514.821,212.482,220.054,535.529,209.082,238.983,516.763,173.078,254.6,496.604,143.441,158.403,617.202,243.939,167.259,539.598,239.393,146.659,572.096,256.207,-33.6735,481.826,159.711,-36.7909,491.681,185.35,8.12286,489.006,186.413,6.32877,481.055,159.436
209.772,203.023,59.651,264.061,198.937,21.0675,254.803,354.211,67.1914,225.533,275.258,52.7716,283.978,264.016,32.4212,309.608,350.362,49.8083,,,,318.397,433.851,45.312,233.358,477.464,146.764,205.993,495.494,178.785,185.635,514.818,212.487,219.884,535.483,209.086,238.765,516.692,173.056,254.328,496.517,143.408,158.312,617.226,243.989,167.121,539.609,239.424,146.541,572.119,256.237,-33.7896,481.876,159.731,-36.9057,491.735,185.37,8.0241,489.085,186.411,6.21252,481.096,159.461
208.34,203.363,60.1016,262.505,198.979,21.3213,253.988,354.344,67.2467,224.412,275.524,53.0323,282.765,263.971,32.6098,308.824,350.239,49.8615,,,,317.972,433.667,45.2516,233.05,477.392,146.738,205.743,495.465,178.775,185.435,514.81,212.492,219.711,535.429,209.09,238.54,516.611,173.033,254.047,496.418,143.371,158.22,617.248,244.037,166.98,539.618,239.456,146.421,572.141,256.267,-33.9083,481.928,159.752,-37.0231,491.792,185.39,7.92296,489.167,186.41,6.09342,481.137,159.487
206.9,203.68,60.5394,260.937,199,21.5629,253.159,354.454,67.2984,223.28,275.767,53.2864,281.54,263.908,32.7911,308.025,350.096,49.906,,,,317.529,433.464,45.1864,232.734,477.31,146.711,205.485,495.428,178.764,185.231,514.798,212.497,219.533,535.369,209.092,238.309,516.521,173.008,253.758,496.308,143.332,158.126,617.268,244.084,166.837,539.624,239.487,146.3,572.162,256.297,-34.0297,481.981,159.772,-37.143,491.851,185.409,7.81939,489.251,186.407,5.97146,481.18,159.512
205.458,203.973,60.9655,259.362,199,21.7925,252.32,354.541,67.3476,222.139,275.988,53.535,280.305,263.827,32.965,307.212,349.932,49.9421,,,,317.069,433.24,45.1166,232.409,477.218,146.684,205.221,495.385,178.753,185.022,514.78,212.503,219.351,535.302,209.093,238.072,516.422,172.98,253.46,496.187,143.291,158.031,617.285,244.129,166.691,539.627,239.519,146.177,572.181,256.326,-34.1538,482.037,159.793,-37.2654,491.912,185.428,7.71331,489.338,186.405,5.84664,481.222,159.539
204.016,204.241,61.3812,257.78,198.98,22.0107,251.472,354.604,67.3955,220.993,276.185,53.7795,279.064,263.727,33.1318,306.386,349.75,49.9698,,,,316.593,432.998,45.0424,232.075,477.116,146.655,204.95,495.334,178.742,184.808,514.758,212.51,219.166,535.228,209.093,237.829,516.314,172.952,253.155,496.055,143.248,157.935,617.301,244.172,166.542,539.628,239.552,146.054,572.198,256.355,-34.2806,482.094,159.813,-37.3904,491.976,185.447,7.60468,489.428,186.402,5.71896,481.266,159.566
202.577,204.486,61.788,256.195,198.94,22.2183,250.618,354.645,67.4433,219.843,276.36,54.0213,277.817,263.611,33.2917,305.549,349.548,49.9897,,,,316.102,432.737,44.964,231.734,477.004,146.627,204.673,495.276,178.732,184.59,514.731,212.517,218.977,535.147,209.092,237.58,516.197,172.923,252.842,495.913,143.203,157.838,617.314,244.215,166.39,539.626,239.585,145.928,572.214,256.385,-34.41,482.152,159.834,-37.518,492.042,185.465,7.49344,489.52,186.399,5.58842,481.31,159.593
201.145,204.707,62.1874,254.609,198.88,22.4163,249.76,354.662,67.492,218.692,276.512,54.2618,276.566,263.478,33.4453,304.704,349.328,50.0024,,,,315.597,432.459,44.882,231.386,476.883,146.6,204.39,495.212,178.723,184.368,514.7,212.526,218.784,535.06,209.092,237.326,516.071,172.893,252.522,495.76,143.158,157.74,617.325,244.256,166.235,539.621,239.619,145.802,572.228,256.414,-34.5421,482.212,159.855,-37.6481,492.11,185.482,7.37952,489.615,186.396,5.45503,481.354,159.621
199.72,204.905,62.5811,253.023,198.803,22.6059,248.901,354.658,67.543,217.541,276.642,54.5026,275.314,263.328,33.5933,303.852,349.091,50.0084,,,,315.078,432.163,44.7965,231.032,476.754,146.573,204.102,495.142,178.716,184.142,514.664,212.536,218.588,534.966,209.091,237.067,515.937,172.862,252.195,495.598,143.112,157.641,617.334,244.296,166.078,539.614,239.654,145.673,572.241,256.444,-34.677,482.274,159.875,-37.7807,492.18,185.499,7.26287,489.711,186.393,5.31879,481.4,159.65
198.306,205.081,62.9708,251.44,198.71,22.7886,248.042,354.631,67.5973,216.393,276.75,54.7451,274.062,263.163,33.7366,302.995,348.837,50.0087,,,,314.547,431.851,44.7083,230.671,476.616,146.547,203.808,495.065,178.71,183.911,514.624,212.548,218.388,534.867,209.091,236.803,515.796,172.832,251.863,495.426,143.066,157.54,617.341,244.336,165.917,539.604,239.69,145.544,572.252,256.474,-34.8145,482.337,159.896,-37.916,492.253,185.516,7.14343,489.809,186.391,5.17972,481.445,159.679
196.905,205.235,63.3584,249.862,198.6,22.9658,247.185,354.585,67.6561,215.25,276.838,54.991,272.812,262.982,33.876,302.134,348.567,50.0042,,,,314.006,431.523,44.6177,230.304,476.47,146.524,203.509,494.982,178.707,183.677,514.58,212.562,218.185,534.762,209.092,236.534,515.646,172.803,251.525,495.245,143.02,157.439,617.347,244.376,165.754,539.592,239.727,145.412,572.262,256.505,-34.9547,482.402,159.917,-38.0537,492.327,185.532,7.02114,489.909,186.389,5.03782,481.492,159.709
195.517,205.368,63.7458,248.289,198.476,23.1392,246.333,354.519,67.7205,214.112,276.906,55.2416,271.565,262.788,34.0127,301.27,348.282,49.996,,,,313.454,431.181,44.5255,229.932,476.316,146.503,203.205,494.893,178.706,183.439,514.532,212.579,217.979,534.652,209.093,236.261,515.49,172.774,251.181,495.056,142.976,157.335,617.35,244.415,165.588,539.578,239.766,145.279,572.27,256.536,-35.0976,482.468,159.937,-38.194,492.404,185.547,6.89595,490.011,186.387,4.8931,481.538,159.74
194.145,205.482,64.1347,246.723,198.339,23.3105,245.486,354.434,67.7916,212.981,276.955,55.4985,270.322,262.58,34.1477,300.406,347.984,49.9851,,,,312.894,430.825,44.4324,229.555,476.155,146.484,202.897,494.799,178.707,183.197,514.481,212.597,217.77,534.537,209.096,235.983,515.327,172.748,250.833,494.859,142.933,157.231,617.352,244.454,165.419,539.562,239.806,145.143,572.277,256.568,-35.2432,482.535,159.958,-38.3369,492.482,185.562,6.76781,490.114,186.386,4.74559,481.585,159.771
192.789,205.577,64.527,245.165,198.191,23.4814,244.646,354.332,67.8705,211.86,276.986,55.7629,269.085,262.361,34.2824,299.542,347.672,49.9728,,,,312.326,430.456,44.339,229.173,475.988,146.469,202.584,494.7,178.712,182.951,514.426,212.619,217.558,534.416,209.101,235.701,515.158,172.723,250.48,494.654,142.892,157.125,617.352,244.493,165.247,539.543,239.849,145.006,572.283,256.601,-35.3915,482.604,159.979,-38.4823,492.563,185.576,6.63666,490.218,186.385,4.59528,481.632,159.804
191.45,205.656,64.9245,243.616,198.031,23.6538,243.814,354.213,67.9581,210.747,277.001,56.0363,267.854,262.129,34.418,298.679,347.348,49.9602,,,,311.751,430.074,44.2464,228.788,475.814,146.458,202.267,494.596,178.721,182.702,514.368,212.643,217.342,534.292,209.108,235.416,514.982,172.7,250.124,494.442,142.854,157.017,617.351,244.532,165.072,539.523,239.893,144.867,572.288,256.635,-35.5424,482.673,160,-38.6302,492.645,185.59,6.50246,490.323,186.386,4.44221,481.68,159.837
190.128,205.719,65.329,242.077,197.862,23.8292,242.992,354.08,68.0554,209.645,277,56.3199,266.629,261.887,34.5558,297.818,347.013,49.9489,,,,311.17,429.681,44.1553,228.399,475.634,146.451,201.946,494.487,178.733,182.449,514.307,212.671,217.124,534.163,209.117,235.127,514.802,172.68,249.763,494.224,142.819,156.908,617.348,244.572,164.894,539.501,239.939,144.726,572.292,256.671,-35.696,482.744,160.021,-38.7806,492.729,185.603,6.36517,490.428,186.387,4.28639,481.728,159.871
188.823,205.767,65.742,240.548,197.685,24.0096,242.18,353.932,68.1631,208.553,276.985,56.6147,265.412,261.635,34.6972,296.961,346.668,49.9399,,,,310.585,429.278,44.0667,228.006,475.449,146.449,201.622,494.375,178.75,182.193,514.243,212.702,216.902,534.03,209.128,234.834,514.616,172.663,249.399,493.999,142.788,156.798,617.343,244.612,164.713,539.477,239.987,144.582,572.294,256.707,-35.8523,482.816,160.042,-38.9336,492.815,185.615,6.22474,490.535,186.389,4.12784,481.776,159.906
187.535,205.803,66.1651,239.03,197.501,24.1964,241.38,353.772,68.2821,207.473,276.957,56.9219,264.203,261.375,34.8435,296.107,346.314,49.9347,,,,309.995,428.865,43.9816,227.61,475.258,146.452,201.293,494.258,178.772,181.934,514.177,212.737,216.678,533.894,209.143,234.538,514.425,172.65,249.032,493.769,142.762,156.686,617.337,244.653,164.529,539.451,240.038,144.437,572.295,256.746,-36.0112,482.889,160.063,-39.089,492.903,185.627,6.08115,490.641,186.393,3.96657,481.824,159.942
186.264,205.828,66.5997,237.523,197.311,24.3913,240.59,353.601,68.4131,206.404,276.917,57.2422,263.002,261.106,34.996,295.258,345.952,49.9346,,,,309.403,428.443,43.9008,227.211,475.064,146.461,200.962,494.138,178.798,181.671,514.108,212.776,216.45,533.755,209.16,234.239,514.23,172.642,248.663,493.533,142.74,156.571,617.33,244.695,164.342,539.424,240.091,144.289,572.296,256.785,-36.1727,482.962,160.084,-39.2469,492.993,185.637,5.93437,490.747,186.397,3.80262,481.873,159.978
185.01,205.843,67.0469,236.027,197.116,24.5958,239.813,353.419,68.5566,205.347,276.867,57.5764,261.81,260.831,35.1559,294.413,345.582,49.9408,,,,308.808,428.013,43.8255,226.809,474.864,146.476,200.627,494.014,178.83,181.406,514.037,212.819,216.22,533.612,209.182,233.937,514.031,172.637,248.29,493.292,142.724,156.455,617.322,244.738,164.152,539.396,240.147,144.138,572.296,256.827,-36.3368,483.036,160.105,-39.4072,493.084,185.647,5.78438,490.854,186.403,3.636,481.921,160.016
183.77,205.849,67.5078,234.542,196.916,24.8111,239.048,353.228,68.713,204.301,276.807,57.9252,260.626,260.549,35.3246,293.574,345.205,49.9547,,,,308.212,427.576,43.7566,226.405,474.661,146.497,200.288,493.887,178.867,181.137,513.965,212.866,215.986,533.467,209.207,233.632,513.828,172.638,247.915,493.047,142.713,156.337,617.313,244.783,163.958,539.366,240.206,143.985,572.295,256.87,-36.5035,483.112,160.126,-39.57,493.176,185.656,5.63115,490.959,186.41,3.46674,481.969,160.054
182.545,205.848,67.9833,233.067,196.714,25.0386,238.294,353.029,68.8829,203.266,276.74,58.289,259.45,260.262,35.5031,292.74,344.823,49.9774,,,,307.615,427.131,43.6952,225.998,474.455,146.526,199.947,493.758,178.909,180.864,513.89,212.918,215.75,533.319,209.236,233.324,513.622,172.643,247.538,492.798,142.71,156.217,617.302,244.829,163.761,539.335,240.267,143.829,572.293,256.915,-36.6727,483.187,160.147,-39.7352,493.27,185.664,5.47469,491.065,186.418,3.29486,482.018,160.094
181.333,205.841,68.4741,231.604,196.508,25.2793,237.552,352.823,69.0664,202.242,276.664,58.6681,258.282,259.97,35.6925,291.911,344.435,50.01,,,,307.017,426.681,43.6421,225.589,474.245,146.561,199.602,493.626,178.958,180.589,513.814,212.974,215.511,533.17,209.269,233.013,513.413,172.655,247.158,492.545,142.713,156.095,617.291,244.876,163.561,539.303,240.331,143.671,572.29,256.962,-36.8445,483.263,160.168,-39.9028,493.366,185.672,5.31498,491.169,186.428,3.12038,482.066,160.134
180.134,205.829,68.9808,230.15,196.301,25.5343,236.822,352.611,69.2637,201.229,276.583,59.0626,257.121,259.674,35.8936,291.087,344.043,50.0535,,,,306.42,426.224,43.5983,225.178,474.033,146.604,199.254,493.492,179.012,180.31,513.737,213.036,215.268,533.018,209.307,232.699,513.201,172.672,246.776,492.288,142.723,155.971,617.279,244.925,163.357,539.27,240.399,143.509,572.287,257.011,-37.0189,483.34,160.189,-40.0728,493.462,185.678,5.15203,491.273,186.439,2.94334,482.114,160.175
178.946,205.813,69.5036,228.706,196.093,25.8044,236.102,352.394,69.4749,200.225,276.496,59.4726,255.968,259.374,36.1075,290.268,343.647,50.109,,,,305.823,425.763,43.5646,224.764,473.818,146.655,198.903,493.356,179.073,180.028,513.659,213.102,215.023,532.865,209.349,232.382,512.987,172.695,246.393,492.028,142.741,155.844,617.266,244.977,163.15,539.236,240.469,143.345,572.283,257.062,-37.1957,483.417,160.21,-40.2452,493.56,185.683,4.98584,491.375,186.452,2.76375,482.162,160.216
177.768,205.793,70.0426,227.272,195.883,26.0902,235.392,352.172,69.7,199.23,276.404,59.8979,254.822,259.072,36.3346,289.454,343.247,50.1772,,,,305.226,425.296,43.542,224.347,473.6,146.714,198.55,493.218,179.14,179.743,513.58,213.173,214.774,532.71,209.396,232.063,512.771,172.725,246.007,491.764,142.767,155.714,617.252,245.029,162.939,539.201,240.542,143.178,572.278,257.115,-37.375,483.494,160.231,-40.4199,493.659,185.688,4.81642,491.476,186.466,2.58163,482.209,160.259
176.599,205.772,70.5979,225.846,195.673,26.3923,234.691,351.945,69.9386,198.243,276.309,60.3382,253.683,258.767,36.5757,288.644,342.844,50.2589,,,,304.631,424.826,43.5312,223.928,473.381,146.781,198.193,493.078,179.214,179.455,513.5,213.249,214.522,532.554,209.449,231.74,512.553,172.762,245.619,491.498,142.801,155.583,617.238,245.084,162.725,539.166,240.619,143.007,572.273,257.171,-37.5568,483.571,160.252,-40.597,493.759,185.691,4.64378,491.576,186.481,2.39703,482.256,160.302
175.437,205.748,71.1692,224.429,195.462,26.7111,233.998,351.716,70.1907,197.264,276.209,60.793,252.55,258.459,36.8311,287.838,342.438,50.3548,,,,304.036,424.351,43.5328,223.507,473.16,146.856,197.833,492.938,179.294,179.164,513.419,213.33,214.267,532.397,209.507,231.415,512.333,172.805,245.229,491.23,142.844,155.448,617.223,245.142,162.507,539.13,240.699,142.834,572.268,257.229,-37.741,483.648,160.273,-40.7763,493.859,185.693,4.46794,491.674,186.498,2.20996,482.303,160.346
174.283,205.724,71.7561,223.02,195.251,27.0468,233.312,351.483,70.4558,196.292,276.107,61.2618,251.422,258.15,37.1012,287.036,342.03,50.4653,,,,303.442,423.873,43.5474,223.083,472.937,146.94,197.47,492.796,179.381,178.869,513.338,213.416,214.009,532.238,209.569,231.087,512.111,172.855,244.836,490.959,142.895,155.311,617.207,245.201,162.286,539.093,240.782,142.657,572.262,257.289,-37.9276,483.725,160.294,-40.958,493.961,185.695,4.28892,491.771,186.516,2.02044,482.35,160.391
173.133,205.698,72.3578,221.617,195.04,27.3996,232.632,351.248,70.7336,195.325,276.002,61.7438,250.3,257.839,37.386,286.237,341.619,50.5907,,,,302.849,423.391,43.5757,222.656,472.713,147.032,197.103,492.653,179.474,178.571,513.256,213.507,213.747,532.079,209.638,230.756,511.888,172.913,244.442,490.685,142.955,155.171,617.191,245.263,162.061,539.055,240.868,142.477,572.256,257.352,-38.1166,483.802,160.314,-41.142,494.063,185.695,4.10675,491.866,186.536,1.82851,482.396,160.436
171.989,205.671,72.9737,220.222,194.828,27.7693,231.956,351.01,71.0234,194.364,275.894,62.2382,249.182,257.526,37.6856,285.44,341.207,50.7314,,,,302.258,422.906,43.618,222.226,472.487,147.133,196.734,492.509,179.574,178.27,513.174,213.604,213.482,531.92,209.711,230.423,511.664,172.977,244.044,490.41,143.024,155.028,617.174,245.327,161.832,539.017,240.958,142.294,572.249,257.417,-38.308,483.878,160.335,-41.3282,494.166,185.694,3.92145,491.959,186.557,1.63419,482.441,160.482
170.848,205.643,73.6028,218.833,194.617,28.1557,231.283,350.77,71.3247,193.407,275.783,62.7441,248.068,257.212,37.9997,284.645,340.793,50.8875,,,,301.666,422.419,43.6746,221.793,472.26,147.242,196.361,492.365,179.68,177.965,513.091,213.705,213.214,531.759,209.79,230.086,511.438,173.049,243.645,490.133,143.102,154.882,617.157,245.393,161.6,538.979,241.051,142.107,572.242,257.484,-38.5017,483.954,160.355,-41.5167,494.269,185.692,3.73305,492.05,186.579,1.4375,482.486,160.529
169.711,205.614,74.2439,217.45,194.405,28.5585,230.613,350.528,71.6368,192.454,275.67,63.2602,246.959,256.897,38.3281,283.851,340.376,51.0588,,,,301.075,421.928,43.7458,221.356,472.033,147.359,195.985,492.22,179.793,177.657,513.009,213.812,212.942,531.598,209.875,229.746,511.212,173.127,243.243,489.853,143.189,154.733,617.14,245.462,161.363,538.939,241.147,141.916,572.234,257.554,-38.6977,484.03,160.375,-41.7074,494.372,185.689,3.54158,492.139,186.602,1.23848,482.53,160.576
168.576,205.583,74.8957,216.073,194.193,28.9771,229.943,350.284,71.9589,191.503,275.554,63.7855,245.853,256.58,38.6702,283.058,339.958,51.2453,,,,300.485,421.436,43.8317,220.917,471.804,147.484,195.606,492.075,179.912,177.346,512.926,213.923,212.666,531.437,209.965,229.403,510.985,173.213,242.838,489.572,143.284,154.581,617.121,245.534,161.124,538.9,241.246,141.722,572.226,257.627,-38.8959,484.105,160.395,-41.9004,494.476,185.685,3.34708,492.226,186.627,1.03715,482.573,160.623
167.442,205.55,75.5569,214.702,193.979,29.411,229.273,350.037,72.2903,190.554,275.435,64.3186,244.751,256.262,39.0255,282.265,339.539,51.4467,,,,299.894,420.941,43.9322,220.474,471.575,147.617,195.224,491.929,180.037,177.031,512.843,214.039,212.387,531.275,210.06,229.057,510.757,173.306,242.43,489.29,143.388,154.426,617.102,245.607,160.88,538.86,241.348,141.525,572.217,257.702,-39.0964,484.18,160.415,-42.0955,494.579,185.679,3.14958,492.311,186.652,0.833542,482.616,160.671
166.311,205.516,76.2258,213.336,193.765,29.8591,228.601,349.788,72.6301,189.608,275.313,64.8583,243.652,255.942,39.3932,281.472,339.117,51.6624,,,,299.303,420.444,44.0473,220.027,471.344,147.758,194.838,491.782,180.167,176.713,512.76,214.16,212.105,531.113,210.161,228.707,510.528,173.406,242.019,489.006,143.5,154.267,617.083,245.684,160.633,538.819,241.453,141.324,572.208,257.779,-39.2991,484.253,160.434,-42.2928,494.683,185.673,2.94912,492.393,186.679,0.627675,482.658,160.719
165.181,205.478,76.9007,211.975,193.55,30.3207,227.926,349.536,72.9774,188.662,275.187,65.4031,242.555,255.62,39.7724,280.678,338.694,51.892,,,,298.711,419.946,44.1768,219.576,471.113,147.906,194.448,491.636,180.304,176.391,512.677,214.286,211.819,530.951,210.267,228.354,510.298,173.512,241.605,488.721,143.621,154.106,617.063,245.763,160.382,538.778,241.561,141.119,572.198,257.859,-39.504,484.326,160.453,-42.4923,494.786,185.665,2.74574,492.473,186.706,0.419581,482.699,160.767
164.052,205.436,77.58,210.62,193.332,30.7945,227.247,349.281,73.3313,187.716,275.058,65.9515,241.462,255.297,40.1621,279.884,338.269,52.1348,,,,298.118,419.445,44.3202,219.122,470.882,148.062,194.056,491.489,180.446,176.067,512.594,214.415,211.529,530.788,210.377,227.998,510.068,173.625,241.188,488.434,143.749,153.941,617.043,245.844,160.127,538.736,241.672,140.91,572.188,257.941,-39.711,484.397,160.472,-42.6939,494.889,185.656,2.53947,492.551,186.735,0.209288,482.739,160.816
162.924,205.391,78.2616,209.27,193.113,31.2791,226.564,349.023,73.6907,186.771,274.924,66.502,240.372,254.972,40.5612,279.088,337.842,52.3899,,,,297.524,418.944,44.4772,218.664,470.65,148.224,193.66,491.342,180.592,175.738,512.51,214.549,211.236,530.625,210.493,227.639,509.837,173.744,240.768,488.146,143.885,153.773,617.021,245.928,159.869,538.694,241.785,140.698,572.177,258.025,-39.9201,484.468,160.49,-42.8977,494.992,185.646,2.33035,492.627,186.764,-0.00317381,482.778,160.864
161.798,205.34,78.9436,207.927,192.891,31.7733,225.876,348.762,74.0546,185.826,274.785,67.0531,239.285,254.644,40.9684,278.29,337.413,52.6564,,,,296.928,418.441,44.6472,218.203,470.417,148.392,193.26,491.195,180.744,175.407,512.427,214.687,210.939,530.461,210.613,227.277,509.606,173.868,240.344,487.857,144.028,153.601,616.999,246.015,159.607,538.65,241.902,140.482,572.166,258.112,-40.1313,484.537,160.509,-43.1036,495.094,185.634,2.11843,492.7,186.793,-0.217775,482.816,160.912
160.673,205.285,79.624,206.589,192.667,32.2753,225.181,348.498,74.4221,184.88,274.642,67.6032,238.201,254.315,41.3825,277.49,336.983,52.9334,,,,296.331,417.937,44.8296,217.737,470.185,148.566,192.858,491.047,180.9,175.073,512.343,214.828,210.639,530.298,210.737,226.911,509.374,173.999,239.917,487.568,144.177,153.427,616.977,246.103,159.341,538.607,242.02,140.263,572.153,258.201,-40.3446,484.605,160.526,-43.3116,495.195,185.622,1.90376,492.77,186.823,-0.434484,482.853,160.961
159.55,205.222,80.3007,205.259,192.44,32.7836,224.481,348.229,74.7921,183.934,274.492,68.1507,237.121,253.983,41.802,276.688,336.55,53.2197,,,,295.731,417.432,45.0236,217.268,469.951,148.745,192.452,490.9,181.06,174.735,512.259,214.972,210.335,530.133,210.866,226.542,509.142,174.134,239.487,487.277,144.333,153.249,616.953,246.195,159.072,538.562,242.141,140.04,572.14,258.292,-40.5598,484.672,160.544,-43.5216,495.295,185.608,1.68637,492.839,186.854,-0.653271,482.888,161.009
158.429,205.153,80.9716,203.936,192.21,33.2962,223.773,347.957,75.1634,182.988,274.338,68.694,236.044,253.648,42.2255,275.885,336.116,53.5141,,,,295.129,416.927,45.2283,216.795,469.718,148.929,192.043,490.752,181.224,174.394,512.174,215.12,210.028,529.969,210.999,226.17,508.91,174.275,239.054,486.986,144.494,153.068,616.928,246.288,158.8,538.516,242.264,139.813,572.126,258.385,-40.777,484.737,160.56,-43.7338,495.395,185.593,1.4663,492.904,186.885,-0.874101,482.923,161.057
157.311,205.077,81.6347,202.621,191.976,33.8112,223.059,347.681,75.535,182.041,274.177,69.2315,234.972,253.311,42.6514,275.079,335.681,53.8153,,,,294.524,416.422,45.4429,216.319,469.484,149.118,191.632,490.604,181.392,174.051,512.089,215.271,209.718,529.804,211.135,225.794,508.677,174.419,238.617,486.695,144.66,152.883,616.902,246.384,158.524,538.47,242.389,139.583,572.11,258.48,-40.9961,484.8,160.577,-43.9479,495.493,185.577,1.24361,492.968,186.916,-1.09694,482.956,161.105
156.197,204.992,82.2877,201.314,191.739,34.3267,222.338,347.401,75.9056,181.094,274.009,69.7617,233.904,252.972,43.0781,274.271,335.244,54.1221,,,,293.917,415.917,45.6664,215.839,469.25,149.31,191.217,490.456,181.562,173.704,512.004,215.424,209.404,529.638,211.274,225.416,508.444,174.568,238.177,486.403,144.831,152.695,616.875,246.481,158.245,538.422,242.516,139.349,572.094,258.577,-41.2171,484.862,160.593,-44.1641,495.59,185.56,1.01835,493.029,186.948,-1.32175,482.988,161.152
155.086,204.899,82.9286,200.018,191.498,34.8406,221.61,347.117,76.2743,180.147,273.835,70.2828,232.841,252.63,43.5041,273.461,334.805,54.4331,,,,293.308,415.413,45.8977,215.356,469.017,149.505,190.8,490.308,181.734,173.355,511.918,215.579,209.088,529.473,211.416,225.035,508.211,174.72,237.735,486.111,145.005,152.505,616.846,246.581,157.963,538.373,242.644,139.112,572.076,258.676,-41.4399,484.922,160.608,-44.3823,495.685,185.542,0.790563,493.087,186.979,-1.5485,483.019,161.199
153.98,204.797,83.5553,198.732,191.253,35.3509,220.875,346.828,76.6397,179.201,273.655,70.7936,231.783,252.285,43.9277,272.65,334.366,54.7468,,,,292.696,414.911,46.1357,214.87,468.783,149.703,190.38,490.159,181.909,173.003,511.831,215.736,208.768,529.306,211.561,224.651,507.978,174.876,237.289,485.819,145.183,152.311,616.817,246.683,157.678,538.323,242.773,138.872,572.057,258.776,-41.6645,484.98,160.623,-44.6024,495.78,185.522,0.5603,493.143,187.01,-1.77715,483.048,161.245
152.88,204.686,84.1659,197.458,191.005,35.8554,220.134,346.535,77.0009,178.255,273.468,71.2923,230.732,251.939,44.3474,271.837,333.926,55.0619,,,,292.081,414.41,46.3792,214.382,468.549,149.903,189.958,490.011,182.085,172.649,511.744,215.894,208.446,529.139,211.708,224.265,507.744,175.033,236.841,485.528,145.363,152.114,616.785,246.787,157.391,538.272,242.904,138.628,572.036,258.878,-41.8909,485.037,160.637,-44.8244,495.872,185.502,0.327617,493.196,187.042,-2.00765,483.076,161.29
151.786,204.566,84.7585,196.196,190.753,36.352,219.387,346.239,77.3566,177.311,273.274,71.7776,229.687,251.591,44.7614,271.024,333.486,55.3769,,,,291.464,413.911,46.627,213.891,468.316,150.104,189.534,489.862,182.263,172.293,511.656,216.054,208.121,528.972,211.857,223.876,507.511,175.193,236.391,485.237,145.545,151.914,616.752,246.892,157.1,538.219,243.036,138.381,572.014,258.981,-42.119,485.091,160.65,-45.0484,495.963,185.48,0.0925701,493.247,187.072,-2.23996,483.102,161.335
150.698,204.437,85.3311,194.948,190.498,36.8386,218.635,345.939,77.7057,176.368,273.074,72.2481,228.649,251.241,45.1681,270.21,333.047,55.6905,,,,290.845,413.414,46.878,213.398,468.083,150.306,189.108,489.713,182.441,171.935,511.567,216.215,207.793,528.804,212.008,223.485,507.278,175.355,235.938,484.947,145.728,151.711,616.717,246.999,156.807,538.164,243.169,138.131,571.99,259.085,-42.3487,485.143,160.663,-45.2742,496.052,185.458,-0.144782,493.295,187.103,-2.47404,483.127,161.379
149.618,204.299,85.8821,193.714,190.24,37.313,217.878,345.636,78.0473,175.428,272.868,72.7025,227.62,250.89,45.5661,269.396,332.608,56.0011,,,,290.224,412.922,47.1309,212.903,467.851,150.507,188.681,489.564,182.619,171.575,511.477,216.375,207.464,528.635,212.159,223.092,507.045,175.517,235.483,484.657,145.912,151.505,616.68,247.108,156.511,538.108,243.302,137.878,571.964,259.191,-42.5799,485.193,160.675,-45.5019,496.138,185.434,-0.384378,493.341,187.133,-2.70984,483.15,161.422
148.547,204.152,86.4099,192.495,189.978,37.7734,217.118,345.329,78.3802,174.491,272.656,73.1395,226.599,250.539,45.9537,268.582,332.17,56.3075,,,,289.602,412.433,47.3845,212.407,467.619,150.708,188.252,489.414,182.797,171.213,511.386,216.536,207.132,528.465,212.311,222.697,506.812,175.68,235.027,484.369,146.096,151.297,616.641,247.218,156.214,538.05,243.435,137.622,571.935,259.297,-42.8128,485.241,160.687,-45.7314,496.223,185.41,-0.626153,493.384,187.162,-2.9473,483.172,161.464
147.485,203.996,86.9129,191.293,189.715,38.2176,216.354,345.021,78.7035,173.558,272.439,73.558,225.588,250.187,46.3295,267.77,331.734,56.6083,,,,288.978,411.948,47.6376,211.911,467.388,150.908,187.822,489.265,182.974,170.85,511.293,216.697,206.798,528.296,212.464,222.301,506.58,175.843,234.569,484.082,146.279,151.086,616.6,247.329,155.914,537.991,243.569,137.364,571.905,259.404,-43.0471,485.286,160.697,-45.9626,496.305,185.384,-0.870039,493.425,187.191,-3.18639,483.191,161.505
146.433,203.833,87.3899,190.109,189.449,38.6438,215.588,344.71,79.0162,172.63,272.216,73.9568,224.586,249.836,46.6921,266.96,331.3,56.9022,,,,288.354,411.469,47.8889,211.413,467.158,151.106,187.391,489.115,183.15,170.486,511.2,216.857,206.463,528.125,212.617,221.903,506.348,176.005,234.111,483.797,146.461,150.873,616.557,247.441,155.612,537.929,243.702,137.102,571.872,259.512,-43.2828,485.329,160.707,-46.1955,496.385,185.357,-1.11597,493.463,187.219,-3.42703,483.21,161.545
145.391,203.662,87.8395,188.942,189.182,39.0502,214.822,344.398,79.3176,171.706,271.99,74.335,223.595,249.485,47.0401,266.153,330.87,57.1881,,,,287.73,410.995,48.1373,210.916,466.929,151.302,186.96,488.965,183.324,170.121,511.105,217.016,206.126,527.953,212.769,221.505,506.116,176.167,233.652,483.514,146.641,150.657,616.511,247.554,155.309,537.865,243.835,136.839,571.837,259.621,-43.5199,485.37,160.716,-46.4301,496.463,185.33,-1.36386,493.499,187.247,-3.66917,483.226,161.583
144.361,203.484,88.2607,187.794,188.913,39.4352,214.055,344.085,79.6068,170.79,271.759,74.6918,222.616,249.136,47.3722,265.349,330.443,57.4646,,,,287.105,410.528,48.3817,210.419,466.701,151.495,186.529,488.815,183.497,169.755,511.009,217.174,205.788,527.781,212.92,221.106,505.886,176.327,233.192,483.232,146.819,150.439,616.463,247.669,155.004,537.8,243.968,136.573,571.8,259.73,-43.7583,485.408,160.724,-46.6663,496.538,185.301,-1.61364,493.532,187.273,-3.91275,483.241,161.62
143.343,203.3,88.6526,186.666,188.645,39.7972,213.289,343.772,79.8831,169.88,271.525,75.0263,221.648,248.79,47.6873,264.548,330.02,57.7307,,,,286.482,410.068,48.6209,209.923,466.475,151.684,186.099,488.664,183.666,169.389,510.911,217.33,205.449,527.609,213.07,220.706,505.656,176.486,232.733,482.953,146.993,150.219,616.412,247.784,154.697,537.731,244.1,136.305,571.76,259.839,-43.9979,485.444,160.731,-46.9041,496.61,185.272,-1.86523,493.562,187.298,-4.15771,483.253,161.656
142.337,203.11,89.0144,185.558,188.377,40.1349,212.525,343.46,80.1458,168.977,271.29,75.338,220.693,248.446,47.9843,263.753,329.603,57.9854,,,,285.86,409.615,48.8539,209.428,466.25,151.87,185.668,488.514,183.833,169.023,510.811,217.484,205.109,527.435,213.219,220.307,505.427,176.642,232.274,482.677,147.164,149.997,616.358,247.899,154.39,537.661,244.231,136.035,571.717,259.949,-44.2386,485.477,160.737,-47.1433,496.68,185.241,-2.11854,493.59,187.322,-4.40398,483.264,161.691
141.346,202.916,89.3455,184.471,188.111,40.4469,211.765,343.149,80.3944,168.084,271.052,75.6262,219.751,248.106,48.262,262.964,329.191,58.2277,,,,285.241,409.17,49.0798,208.935,466.027,152.05,185.239,488.363,183.997,168.657,510.71,217.636,204.769,527.262,213.366,219.908,505.199,176.795,231.816,482.403,147.331,149.773,616.301,248.015,154.082,537.588,244.36,135.764,571.671,260.058,-44.4805,485.508,160.742,-47.384,496.746,185.21,-2.37348,493.616,187.345,-4.65149,483.273,161.724
140.368,202.718,89.6456,183.404,187.846,40.7321,211.008,342.84,80.6283,167.2,270.814,75.8907,218.823,247.771,48.5198,262.18,328.785,58.4568,,,,284.623,408.735,49.2975,208.444,465.805,152.226,184.811,488.213,184.157,168.291,510.607,217.785,204.428,527.087,213.511,219.509,504.973,176.945,231.36,482.132,147.493,149.547,616.242,248.132,153.773,537.512,244.489,135.49,571.621,260.167,-44.7233,485.535,160.746,-47.6261,496.81,185.178,-2.62995,493.638,187.367,-4.90016,483.28,161.755
139.405,202.518,89.9143,182.359,187.585,40.9898,210.258,342.533,80.8472,166.326,270.576,76.131,217.909,247.441,48.7567,261.404,328.387,58.6717,,,,284.01,408.308,49.5064,207.955,465.586,152.396,184.385,488.062,184.313,167.926,510.503,217.931,204.088,526.912,213.653,219.111,504.747,177.091,230.905,481.865,147.651,149.319,616.179,248.248,153.463,537.434,244.615,135.216,571.569,260.276,-44.9672,485.56,160.75,-47.8694,496.87,185.145,-2.88787,493.659,187.387,-5.14992,483.285,161.785
138.457,202.316,90.1516,181.336,187.327,41.219,209.513,342.23,81.0508,165.464,270.339,76.3472,217.01,247.116,48.9721,260.636,327.996,58.8718,,,,283.4,407.891,49.7054,207.47,465.368,152.561,183.96,487.911,184.464,167.562,510.396,218.073,203.748,526.736,213.792,218.715,504.523,177.234,230.453,481.6,147.803,149.091,616.113,248.365,153.153,537.353,244.74,134.939,571.514,260.384,-45.2118,485.583,160.752,-48.114,496.928,185.111,-3.14712,493.676,187.405,-5.40069,483.287,161.813
137.524,202.113,90.3577,180.334,187.073,41.4192,208.776,341.932,81.2387,164.613,270.103,76.5391,216.126,246.798,49.1654,259.877,327.613,59.0565,,,,282.796,407.484,49.894,206.988,465.153,152.719,183.538,487.761,184.611,167.198,510.288,218.213,203.408,526.56,213.928,218.32,504.301,177.372,230.002,481.339,147.949,148.86,616.044,248.481,152.843,537.269,244.863,134.662,571.455,260.492,-45.4573,485.602,160.752,-48.3598,496.982,185.076,-3.4076,493.691,187.423,-5.6524,483.288,161.839
136.607,201.91,90.5326,179.353,186.825,41.5901,208.048,341.638,81.4109,163.774,269.871,76.7069,215.257,246.488,49.3362,259.127,327.238,59.2252,,,,282.196,407.088,50.0715,206.511,464.94,152.87,183.118,487.61,184.752,166.837,510.178,218.348,203.069,526.383,214.061,217.926,504.08,177.506,229.555,481.082,148.089,148.629,615.971,248.598,152.534,537.182,244.984,134.384,571.393,260.599,-45.7035,485.619,160.752,-48.6066,497.032,185.041,-3.66921,493.703,187.438,-5.90494,483.287,161.863
135.707,201.709,90.6769,178.394,186.584,41.7313,207.33,341.349,81.5671,162.948,269.642,76.8508,214.404,246.185,49.4841,258.387,326.874,59.3774,,,,281.603,406.703,50.2372,206.037,464.73,153.015,182.701,487.459,184.889,166.477,510.066,218.48,202.731,526.206,214.19,217.535,503.86,177.635,229.111,480.829,148.223,148.397,615.896,248.714,152.224,537.093,245.103,134.105,571.327,260.705,-45.9502,485.633,160.751,-48.8544,497.08,185.005,-3.93182,493.713,187.452,-6.15825,483.283,161.886
134.823,201.51,90.7911,177.455,186.349,41.8428,206.621,341.067,81.7074,162.136,269.417,76.9711,213.566,245.89,49.609,257.658,326.518,59.5128,,,,281.016,406.329,50.3908,205.568,464.522,153.152,182.286,487.309,185.02,166.118,509.952,218.607,202.394,526.028,214.315,217.146,503.643,177.759,228.671,480.579,148.351,148.163,615.816,248.829,151.915,537,245.219,133.826,571.258,260.81,-46.1976,485.644,160.748,-49.1032,497.124,184.968,-4.19533,493.72,187.465,-6.41222,483.277,161.907
133.956,201.315,90.8758,176.538,186.122,41.9248,205.924,340.791,81.8318,161.339,269.197,77.0683,212.745,245.605,49.7107,256.94,326.173,59.6311,,,,280.436,405.967,50.5316,205.104,464.317,153.282,181.876,487.158,185.145,165.762,509.835,218.73,202.059,525.85,214.436,216.76,503.427,177.878,228.234,480.333,148.471,147.929,615.733,248.944,151.606,536.904,245.332,133.546,571.184,260.914,-46.4453,485.652,160.744,-49.3528,497.164,184.93,-4.45962,493.724,187.475,-6.66676,483.269,161.925
133.105,201.123,90.9321,175.641,185.903,41.9774,205.239,340.522,81.9405,160.555,268.983,77.143,211.939,245.329,49.7894,256.233,325.839,59.732,,,,279.864,405.616,50.6596,204.645,464.115,153.405,181.469,487.008,185.264,165.408,509.717,218.848,201.725,525.671,214.553,216.377,503.213,177.991,227.802,480.092,148.585,147.695,615.647,249.058,151.298,536.805,245.443,133.266,571.108,261.017,-46.6935,485.657,160.739,-49.6031,497.201,184.891,-4.72456,493.725,187.484,-6.92178,483.259,161.942
132.272,200.938,90.9607,174.763,185.694,42.0013,204.566,340.261,82.0336,159.787,268.776,77.1957,211.15,245.063,49.8451,255.539,325.515,59.8156,,,,279.299,405.277,50.7742,204.192,463.915,153.519,181.065,486.857,185.378,165.057,509.597,218.962,201.393,525.492,214.665,215.996,503.001,178.099,227.374,479.854,148.692,147.459,615.557,249.172,150.991,536.703,245.551,132.986,571.027,261.118,-46.9418,485.659,160.732,-49.854,497.234,184.852,-4.99003,493.724,187.491,-7.17719,483.246,161.957
131.455,200.758,90.9627,173.905,185.494,41.9969,203.906,340.008,82.1113,159.033,268.575,77.2272,210.376,244.808,49.8783,254.858,325.203,59.8817,,,,278.744,404.95,50.8755,203.744,463.718,153.626,180.666,486.707,185.485,164.708,509.475,219.07,201.063,525.312,214.773,215.619,502.791,178.201,226.952,479.621,148.791,147.224,615.463,249.284,150.686,536.598,245.655,132.706,570.942,261.218,-47.1904,485.658,160.724,-50.1055,497.263,184.812,-5.2559,493.72,187.495,-7.43288,483.231,161.969
130.654,200.585,90.9394,173.065,185.304,41.9652,203.26,339.763,82.1739,158.295,268.383,77.2383,209.618,244.563,49.8891,254.189,324.902,59.9305,,,,278.197,404.634,50.9632,203.303,463.525,153.724,180.271,486.557,185.585,164.362,509.351,219.174,200.735,525.132,214.876,215.246,502.582,178.297,226.534,479.392,148.883,146.988,615.366,249.396,150.381,536.49,245.757,132.426,570.854,261.316,-47.439,485.655,160.715,-50.3574,497.289,184.772,-5.52204,493.713,187.498,-7.68875,483.213,161.98
129.87,200.419,90.8919,172.243,185.125,41.9069,202.628,339.528,82.2218,157.572,268.199,77.23,208.876,244.329,49.8782,253.533,324.613,59.962,,,,277.66,404.331,51.0373,202.867,463.334,153.815,179.881,486.407,185.68,164.019,509.224,219.273,200.41,524.952,214.974,214.876,502.376,178.387,226.121,479.167,148.968,146.752,615.264,249.506,150.078,536.378,245.856,132.146,570.762,261.413,-47.6876,485.648,160.704,-50.6097,497.311,184.73,-5.78833,493.703,187.499,-7.94469,483.194,161.988
129.102,200.262,90.8216,171.439,184.958,41.8232,202.009,339.301,82.2553,156.864,268.024,77.2029,208.149,244.106,49.8462,252.891,324.335,59.9766,,,,277.132,404.04,51.098,202.438,463.146,153.897,179.495,486.257,185.768,163.679,509.096,219.366,200.087,524.771,215.067,214.51,502.171,178.471,225.713,478.946,149.046,146.517,615.16,249.616,149.777,536.263,245.951,131.868,570.665,261.508,-47.9362,485.638,160.692,-50.8622,497.328,184.688,-6.05462,493.69,187.498,-8.20061,483.171,161.995
128.35,200.114,90.7298,170.65,184.801,41.7152,201.405,339.084,82.2749,156.172,267.858,77.1583,207.436,243.895,49.7937,252.261,324.069,59.9745,,,,276.613,403.76,51.1453,202.015,462.961,153.971,179.113,486.107,185.849,163.342,508.965,219.455,199.766,524.59,215.155,214.148,501.969,178.549,225.312,478.728,149.117,146.281,615.051,249.724,149.478,536.145,246.043,131.59,570.565,261.601,-48.1844,485.626,160.679,-51.1148,497.342,184.646,-6.32079,493.674,187.495,-8.4564,483.146,161.999
127.613,199.975,90.618,169.877,184.656,41.5842,200.815,338.876,82.281,155.494,267.702,77.097,206.739,243.695,49.7216,251.645,323.816,59.9561,,,,276.104,403.491,51.1794,201.598,462.778,154.037,178.736,485.957,185.924,163.009,508.833,219.538,199.448,524.409,215.239,213.79,501.768,178.621,224.915,478.515,149.18,146.046,614.939,249.83,149.18,536.023,246.131,131.313,570.461,261.692,-48.4324,485.61,160.664,-51.3675,497.353,184.602,-6.58671,493.655,187.49,-8.71194,483.119,162.001
126.89,199.846,90.4876,169.118,184.523,41.4317,200.239,338.678,82.2741,154.832,267.555,77.0201,206.055,243.506,49.6308,251.042,323.574,59.9218,,,,275.605,403.234,51.2008,201.188,462.599,154.096,178.365,485.807,185.993,162.679,508.698,219.616,199.133,524.227,215.317,213.436,501.569,178.688,224.525,478.306,149.237,145.812,614.823,249.935,148.884,535.898,246.216,131.036,570.352,261.781,-48.68,485.591,160.647,-51.6201,497.359,184.559,-6.85223,493.634,187.483,-8.96714,483.089,162.001
126.183,199.727,90.3401,168.374,184.401,41.259,199.676,338.489,82.2548,154.184,267.418,76.9287,205.385,243.328,49.5222,250.452,323.344,59.8722,,,,275.116,402.988,51.2096,200.784,462.422,154.146,177.997,485.657,186.055,162.353,508.561,219.688,198.821,524.045,215.39,213.087,501.372,178.748,224.14,478.1,149.286,145.578,614.703,250.039,148.59,535.77,246.298,130.762,570.24,261.868,-48.9271,485.57,160.629,-51.8725,497.361,184.514,-7.11722,493.609,187.474,-9.22187,483.057,161.999
125.488,199.618,90.1771,167.642,184.291,41.0678,199.128,338.309,82.2236,153.55,267.291,76.8238,204.728,243.161,49.3968,249.874,323.125,59.8077,,,,274.636,402.752,51.2063,200.387,462.247,154.189,177.635,485.507,186.111,162.03,508.422,219.756,198.512,523.862,215.459,212.742,501.176,178.802,223.76,477.898,149.329,145.344,614.579,250.141,148.299,535.638,246.376,130.488,570.124,261.953,-49.1735,485.545,160.61,-52.1246,497.359,184.469,-7.38155,493.581,187.463,-9.47603,483.022,161.994
124.807,199.519,90,166.923,184.193,40.8596,198.592,338.139,82.1811,152.93,267.174,76.7065,204.084,243.005,49.2558,249.309,322.918,59.7291,,,,274.165,402.526,51.1913,199.996,462.075,154.224,177.278,485.357,186.16,161.711,508.28,219.818,198.206,523.678,215.522,212.401,500.982,178.851,223.387,477.699,149.366,145.112,614.452,250.242,148.01,535.504,246.45,130.216,570.003,262.036,-49.4192,485.517,160.589,-52.3763,497.354,184.423,-7.64509,493.55,187.449,-9.72951,482.984,161.987
124.139,199.43,89.8103,166.214,184.105,40.6362,198.069,337.978,82.128,152.323,267.066,76.5778,203.452,242.86,49.1002,248.755,322.723,59.6369,,,,273.704,402.31,51.1652,199.611,461.905,154.251,176.926,485.206,186.204,161.395,508.137,219.876,197.903,523.495,215.58,212.064,500.789,178.894,223.019,477.503,149.395,144.88,614.321,250.34,147.723,535.365,246.521,129.946,569.879,262.117,-49.6642,485.487,160.566,-52.6275,497.344,184.377,-7.9077,493.515,187.434,-9.9822,482.944,161.979
123.483,199.351,89.6095,165.517,184.028,40.3991,197.559,337.825,82.0648,151.728,266.967,76.439,202.831,242.724,48.9313,248.213,322.538,59.5319,,,,273.252,402.103,51.1286,199.232,461.738,154.272,176.578,485.056,186.242,161.084,507.991,219.928,197.603,523.31,215.634,211.732,500.598,178.932,222.656,477.31,149.419,144.65,614.186,250.438,147.439,535.224,246.589,129.677,569.751,262.195,-49.9082,485.453,160.542,-52.878,497.33,184.33,-8.16925,493.478,187.417,-10.234,482.901,161.968
122.837,199.281,89.3992,164.83,183.96,40.1501,197.06,337.681,81.9922,151.146,266.878,76.291,202.221,242.597,48.7502,247.682,322.364,59.4147,,,,272.809,401.905,51.0819,198.86,461.572,154.286,176.236,484.905,186.274,160.776,507.844,219.976,197.307,523.125,215.683,211.404,500.408,178.964,222.299,477.119,149.437,144.421,614.048,250.533,147.157,535.079,246.653,129.41,569.618,262.271,-50.1512,485.416,160.517,-53.1278,497.312,184.282,-8.42962,493.437,187.397,-10.4847,482.856,161.955
122.203,199.22,89.1807,164.151,183.902,39.8909,196.572,337.545,81.9109,150.575,266.796,76.135,201.621,242.48,48.5581,247.162,322.2,59.2861,,,,272.374,401.715,51.0259,198.492,461.408,154.293,175.898,484.753,186.3,160.471,507.694,220.019,197.013,522.939,215.728,211.08,500.218,178.991,221.948,476.931,149.449,144.193,613.906,250.626,146.878,534.931,246.713,129.146,569.482,262.345,-50.3931,485.376,160.49,-53.3767,497.29,184.234,-8.68867,493.394,187.376,-10.7344,482.807,161.94
121.579,199.168,88.9555,163.482,183.853,39.6232,196.094,337.415,81.8216,150.015,266.723,75.9719,201.03,242.37,48.3563,246.651,322.045,59.1469,,,,271.947,401.532,50.9611,198.131,461.245,154.294,175.565,484.601,186.321,160.171,507.541,220.057,196.723,522.752,215.768,210.761,500.03,179.013,221.601,476.745,149.456,143.966,613.761,250.718,146.602,534.78,246.771,128.883,569.342,262.417,-50.6337,485.334,160.461,-53.6247,497.265,184.186,-8.94627,493.346,187.353,-10.9828,482.756,161.922
120.964,199.124,88.7249,162.82,183.812,39.3486,195.627,337.293,81.725,149.465,266.657,75.8029,200.449,242.268,48.1459,246.149,321.9,58.9978,,,,271.527,401.355,50.8882,197.775,461.084,154.289,175.236,484.448,186.337,159.874,507.387,220.091,196.436,522.564,215.803,210.445,499.842,179.031,221.26,476.561,149.457,143.741,613.612,250.808,146.328,534.625,246.825,128.622,569.198,262.486,-50.8731,485.288,160.431,-53.8715,497.235,184.137,-9.20232,493.296,187.328,-11.2298,482.703,161.903
120.358,199.087,88.4903,162.166,183.778,39.0688,195.168,337.177,81.6217,148.925,266.597,75.629,199.876,242.173,47.9283,245.656,321.763,58.8397,,,,271.114,401.185,50.8079,197.423,460.923,154.278,174.912,484.294,186.348,159.581,507.23,220.121,196.152,522.376,215.835,210.134,499.655,179.044,220.923,476.378,149.453,143.518,613.46,250.896,146.058,534.468,246.875,128.364,569.05,262.554,-51.1111,485.24,160.4,-54.1171,497.201,184.087,-9.45668,493.242,187.301,-11.4755,482.646,161.882
119.76,199.056,88.253,161.519,183.75,38.7853,194.718,337.066,81.5126,148.393,266.543,75.451,199.312,242.084,47.7044,245.171,321.634,58.6733,,,,270.708,401.02,50.7208,197.077,460.764,154.262,174.593,484.14,186.354,159.292,507.071,220.147,195.871,522.186,215.863,209.827,499.467,179.052,220.592,476.197,149.445,143.297,613.304,250.983,145.79,534.307,246.923,128.108,568.898,262.618,-51.3475,485.188,160.367,-54.3615,497.163,184.037,-9.70924,493.186,187.273,-11.7195,482.587,161.859
119.17,199.031,88.0141,160.878,183.727,38.4997,194.275,336.959,81.3984,147.87,266.494,75.2701,198.754,241.999,47.4757,244.694,321.512,58.4994,,,,270.308,400.86,50.6276,196.736,460.604,154.24,174.277,483.984,186.356,159.006,506.91,220.169,195.593,521.995,215.886,209.523,499.28,179.056,220.264,476.017,149.432,143.077,613.145,251.067,145.524,534.143,246.967,127.855,568.743,262.681,-51.5824,485.133,160.333,-54.6044,497.122,183.986,-9.95989,493.125,187.243,-11.9619,482.525,161.834
118.587,199.01,87.7749,160.244,183.708,38.2134,193.84,336.857,81.2797,147.354,266.448,75.0871,198.203,241.919,47.243,244.223,321.397,58.3188,,,,269.914,400.704,50.529,196.399,460.445,154.215,173.966,483.827,186.353,158.724,506.746,220.187,195.319,521.802,215.907,209.223,499.093,179.057,219.941,475.837,149.416,142.859,612.982,251.15,145.262,533.976,247.008,127.604,568.584,262.741,-51.8155,485.076,160.297,-54.8457,497.076,183.935,-10.2085,493.062,187.211,-12.2025,482.461,161.807
118.012,198.992,87.5365,159.615,183.693,37.9279,193.411,336.757,81.1573,146.846,266.406,74.903,197.659,241.842,47.0077,243.758,321.287,58.1324,216.349,422.407,-10.2209,269.524,400.55,50.4255,196.066,460.286,154.185,173.659,483.669,186.347,158.445,506.58,220.201,195.047,521.608,215.923,208.927,498.905,179.053,219.622,475.657,149.395,142.644,612.816,251.231,145.003,533.805,247.047,127.356,568.421,262.8,-52.0469,485.016,160.26,-55.0855,497.027,183.884,-10.455,492.995,187.178,-12.4412,482.393,161.778
117.442,198.977,87.2998,158.991,183.679,37.6442,192.988,336.659,81.0319,146.344,266.366,74.7186,197.121,241.767,46.7706,243.298,321.182,57.9409,216.023,422.423,-10.302,269.139,400.399,50.318,195.737,460.127,154.151,173.355,483.51,186.337,158.17,506.411,220.213,194.779,521.413,215.937,208.634,498.716,179.046,219.307,475.477,149.371,142.43,612.647,251.31,144.747,533.632,247.082,127.111,568.255,262.856,-52.2764,484.952,160.222,-55.3235,496.973,183.832,-10.6993,492.924,187.143,-12.678,482.323,161.747
116.879,198.963,87.0658,158.373,183.666,37.3637,192.57,336.563,80.9042,145.848,266.326,74.5347,196.588,241.693,46.5329,242.844,321.08,57.7451,215.693,422.427,-10.3827,268.758,400.249,50.2068,195.412,459.967,154.113,173.056,483.348,186.323,157.898,506.24,220.221,194.514,521.216,215.947,208.345,498.527,179.036,218.995,475.297,149.344,142.219,612.474,251.387,144.494,533.455,247.115,126.869,568.084,262.91,-52.504,484.886,160.183,-55.5596,496.916,183.78,-10.9412,492.851,187.107,-12.9127,482.251,161.714
116.321,198.949,86.8355,157.761,183.652,37.0874,192.156,336.467,80.7748,145.357,266.287,74.352,196.06,241.62,46.2954,242.394,320.982,57.5457,215.36,422.42,-10.4631,268.38,400.1,50.0928,195.09,459.806,154.073,172.76,483.185,186.307,157.629,506.067,220.226,194.251,521.016,215.955,208.059,498.337,179.023,218.687,475.116,149.314,142.01,612.299,251.463,144.243,533.276,247.146,126.629,567.911,262.961,-52.7295,484.817,160.142,-55.7938,496.855,183.727,-11.1808,492.774,187.07,-13.1452,482.175,161.68
115.768,198.935,86.6096,157.153,183.637,36.8162,191.747,336.37,80.6444,144.872,266.247,74.1714,195.536,241.546,46.059,241.948,320.885,57.3437,215.023,422.402,-10.5431,268.005,399.951,49.9764,194.772,459.644,154.029,172.467,483.02,186.288,157.364,505.891,220.229,193.992,520.815,215.96,207.776,498.145,179.008,218.382,474.934,149.281,141.803,612.12,251.536,143.996,533.093,247.173,126.393,567.734,263.011,-52.9528,484.745,160.1,-56.0259,496.79,183.674,-11.4178,492.694,187.031,-13.3755,482.097,161.644
115.221,198.918,86.3889,156.549,183.619,36.5508,191.341,336.272,80.5137,144.39,266.205,73.9934,195.017,241.47,45.8247,241.505,320.79,57.1397,214.684,422.372,-10.6226,267.632,399.801,49.8582,194.457,459.48,153.983,172.178,482.853,186.266,157.102,505.712,220.229,193.735,520.612,215.963,207.496,497.951,178.989,218.08,474.751,149.246,141.599,611.938,251.609,143.752,532.907,247.199,126.159,567.553,263.059,-53.1739,484.67,160.056,-56.2559,496.722,183.621,-11.6522,492.61,186.992,-13.6035,482.016,161.607
114.678,198.899,86.174,155.951,183.598,36.2919,190.938,336.172,80.3832,143.913,266.16,73.8187,194.502,241.392,45.5932,241.065,320.694,56.9346,214.341,422.331,-10.7018,267.262,399.649,49.7387,194.144,459.314,153.936,171.892,482.684,186.242,156.843,505.531,220.227,193.482,520.406,215.963,207.219,497.756,178.969,217.781,474.565,149.208,141.398,611.752,251.679,143.511,532.718,247.222,125.929,567.369,263.105,-53.3928,484.593,160.012,-56.4836,496.65,183.567,-11.884,492.523,186.951,-13.829,481.932,161.567
114.14,198.876,85.9656,155.358,183.571,36.0401,190.537,336.069,80.2534,143.44,266.111,73.6478,193.991,241.31,45.3651,240.627,320.597,56.729,213.995,422.28,-10.7806,266.893,399.495,49.6185,193.835,459.146,153.886,171.609,482.512,186.216,156.587,505.347,220.223,193.231,520.197,215.962,206.944,497.559,178.946,217.484,474.378,149.169,141.199,611.564,251.748,143.273,532.526,247.243,125.702,567.182,263.149,-53.6092,484.512,159.966,-56.709,496.574,183.513,-12.113,492.433,186.909,-14.0519,481.845,161.527
113.605,198.847,85.764,154.77,183.539,35.7957,190.139,335.962,80.125,142.97,266.058,73.4813,193.482,241.225,45.1412,240.191,320.499,56.5237,213.645,422.217,-10.8589,266.525,399.339,49.498,193.528,458.976,153.835,171.328,482.338,186.188,156.334,505.16,220.218,192.983,519.986,215.959,206.673,497.359,178.922,217.19,474.189,149.128,141.003,611.372,251.815,143.038,532.331,247.262,125.478,566.991,263.191,-53.8232,484.429,159.92,-56.9319,496.495,183.459,-12.3391,492.34,186.867,-14.2723,481.756,161.485
113.075,198.813,85.5697,154.186,183.5,35.559,189.742,335.85,79.9983,142.503,265.999,73.3195,192.977,241.134,44.9221,239.757,320.397,56.3195,213.293,422.143,-10.9367,266.158,399.178,49.3775,193.223,458.803,153.783,171.051,482.161,186.159,156.084,504.97,220.21,192.737,519.772,215.954,206.404,497.157,178.896,216.899,473.996,149.086,140.81,611.178,251.881,142.806,532.134,247.279,125.257,566.797,263.231,-54.0346,484.343,159.872,-57.1523,496.412,183.404,-12.5624,492.243,186.823,-14.49,481.664,161.441
112.549,198.772,85.3831,153.608,183.453,35.3301,189.347,335.733,79.8738,142.038,265.933,73.1628,192.475,241.037,44.7081,239.325,320.291,56.1171,212.937,422.058,-11.014,265.792,399.014,49.2576,192.921,458.628,153.73,170.776,481.981,186.128,155.837,504.778,220.201,192.494,519.555,215.948,206.137,496.953,178.868,216.609,473.801,149.043,140.62,610.98,251.945,142.578,531.933,247.294,125.04,566.6,263.27,-54.2435,484.255,159.823,-57.3701,496.326,183.35,-12.7827,492.143,186.779,-14.705,481.57,161.396
112.026,198.724,85.2045,153.035,183.397,35.1091,188.954,335.61,79.752,141.576,265.861,73.0116,191.976,240.934,44.4998,238.893,320.179,55.9171,212.578,421.962,-11.0906,265.426,398.845,49.1386,192.62,458.449,153.677,170.504,481.798,186.097,155.592,504.582,220.191,192.254,519.335,215.941,205.873,496.745,178.839,216.322,473.603,148.999,140.433,610.779,252.007,142.352,531.729,247.308,124.826,566.399,263.307,-54.4496,484.163,159.774,-57.5852,496.236,183.294,-13,492.04,186.735,-14.9171,481.473,161.35
111.507,198.668,85.034,152.467,183.331,34.8959,188.561,335.48,79.633,141.116,265.781,72.866,191.479,240.824,44.2975,238.462,320.062,55.7201,212.216,421.855,-11.1665,265.06,398.671,49.0208,192.322,458.266,153.624,170.234,481.612,186.064,155.351,504.384,220.18,192.017,519.112,215.933,205.611,496.534,178.81,216.037,473.401,148.954,140.249,610.576,252.069,142.13,531.522,247.32,124.615,566.196,263.342,-54.6531,484.069,159.723,-57.7975,496.144,183.239,-13.2142,491.934,186.689,-15.1263,481.373,161.303
110.991,198.603,84.8717,151.904,183.256,34.6903,188.169,335.343,79.5173,140.659,265.693,72.7263,190.984,240.707,44.1015,238.032,319.938,55.5267,211.852,421.737,-11.2416,264.694,398.491,48.9046,192.025,458.08,153.571,169.967,481.423,186.032,155.112,504.182,220.168,191.782,518.885,215.925,205.351,496.32,178.779,215.753,473.195,148.909,140.069,610.369,252.129,141.91,531.312,247.331,124.408,565.989,263.376,-54.8537,483.973,159.672,-58.0069,496.047,183.183,-13.4252,491.824,186.643,-15.3325,481.271,161.254
110.479,198.528,84.7176,151.347,183.169,34.4922,187.777,335.199,79.4051,140.203,265.596,72.5926,190.492,240.581,43.912,237.603,319.805,55.3375,211.484,421.609,-11.3159,264.327,398.305,48.79,191.731,457.89,153.518,169.702,481.23,185.998,154.875,503.977,220.156,191.55,518.654,215.915,205.094,496.102,178.748,215.471,472.986,148.864,139.891,610.159,252.187,141.694,531.099,247.341,124.205,565.779,263.409,-55.0514,483.873,159.619,-58.2134,495.948,183.128,-13.6331,491.712,186.597,-15.5357,481.166,161.204
109.971,198.444,84.5717,150.795,183.072,34.3012,187.386,335.047,79.2965,139.749,265.489,72.465,190.001,240.446,43.729,237.174,319.664,55.1529,211.114,421.47,-11.3892,263.96,398.112,48.6775,191.438,457.696,153.465,169.439,481.034,185.965,154.642,503.77,220.142,191.32,518.42,215.906,204.839,495.88,178.717,215.191,472.772,148.818,139.717,609.946,252.245,141.481,530.883,247.349,124.005,565.565,263.44,-55.2462,483.771,159.566,-58.4169,495.846,183.072,-13.8377,491.596,186.551,-15.7359,481.058,161.153
109.465,198.349,84.434,150.249,182.962,34.1169,186.995,334.886,79.1917,139.297,265.374,72.3435,189.513,240.303,43.5526,236.745,319.514,54.9732,210.742,421.321,-11.4615,263.592,397.913,48.5671,191.146,457.498,153.414,169.179,480.834,185.931,154.411,503.559,220.129,191.093,518.182,215.896,204.586,495.655,178.685,214.913,472.554,148.773,139.547,609.731,252.301,141.272,530.664,247.356,123.809,565.349,263.47,-55.438,483.667,159.512,-58.6173,495.74,183.015,-14.039,491.478,186.504,-15.9328,480.949,161.101
108.963,198.245,84.3042,149.708,182.841,33.9389,186.605,334.717,79.0908,138.847,265.248,72.228,189.027,240.15,43.3827,236.317,319.354,54.7988,210.367,421.161,-11.5327,263.224,397.707,48.459,190.857,457.295,153.363,168.921,480.631,185.898,154.182,503.344,220.115,190.868,517.94,215.887,204.335,495.426,178.653,214.636,472.331,148.728,139.38,609.512,252.356,141.065,530.441,247.363,123.616,565.13,263.499,-55.6268,483.56,159.458,-58.8146,495.631,182.959,-14.237,491.357,186.457,-16.1266,480.836,161.048
108.465,198.129,84.182,149.172,182.708,33.7667,186.215,334.538,78.9939,138.399,265.112,72.1184,188.542,239.988,43.2193,235.89,319.184,54.6298,209.99,420.992,-11.6028,262.855,397.493,48.3532,190.568,457.088,153.313,168.664,480.423,185.865,153.957,503.127,220.101,190.646,517.693,215.877,204.086,495.192,178.621,214.36,472.104,148.683,139.216,609.29,252.41,140.862,530.216,247.368,123.427,564.907,263.527,-55.8125,483.451,159.403,-59.0086,495.52,182.902,-14.4316,491.232,186.41,-16.3172,480.721,160.994
107.97,198.003,84.0672,148.641,182.563,33.5998,185.825,334.351,78.9008,137.952,264.965,72.0146,188.06,239.816,43.0622,235.463,319.002,54.4664,209.612,420.813,-11.6716,262.485,397.272,48.2499,190.282,456.876,153.265,168.41,480.212,185.832,153.733,502.906,220.086,190.427,517.443,215.868,203.839,494.954,178.59,214.086,471.872,148.639,139.056,609.066,252.463,140.662,529.988,247.373,123.242,564.682,263.554,-55.995,483.339,159.347,-59.1993,495.405,182.846,-14.6228,491.105,186.362,-16.5044,480.604,160.939
107.478,197.866,83.9594,148.115,182.406,33.4376,185.436,334.155,78.8117,137.507,264.809,71.9164,187.579,239.635,42.9111,235.036,318.81,54.3085,209.231,420.624,-11.7392,262.115,397.043,48.1491,189.997,456.659,153.217,168.158,479.996,185.8,153.513,502.682,220.072,190.21,517.188,215.859,203.594,494.712,178.558,213.814,471.634,148.596,138.9,608.838,252.515,140.465,529.757,247.377,123.06,564.453,263.579,-56.1743,483.224,159.29,-59.3867,495.288,182.789,-14.8105,490.975,186.315,-16.6883,480.484,160.884
106.989,197.718,83.8582,147.595,182.237,33.2796,185.047,333.949,78.7263,137.064,264.642,71.8236,187.1,239.444,42.7657,234.611,318.607,54.1562,208.85,420.427,-11.8056,261.744,396.807,48.0507,189.713,456.437,153.171,167.908,479.777,185.768,153.295,502.454,220.058,189.996,516.929,215.851,203.351,494.465,178.527,213.543,471.392,148.553,138.747,608.607,252.567,140.272,529.523,247.38,122.882,564.222,263.604,-56.3504,483.107,159.233,-59.5708,495.168,182.732,-14.9948,490.843,186.267,-16.8688,480.362,160.827
106.505,197.56,83.7631,147.079,182.056,33.1252,184.659,333.735,78.6446,136.622,264.465,71.7358,186.622,239.244,42.6256,234.186,318.392,54.0092,208.467,420.221,-11.8706,261.373,396.563,47.9547,189.432,456.211,153.127,167.66,479.554,185.737,153.079,502.223,220.044,189.784,516.665,215.843,203.111,494.213,178.496,213.274,471.145,148.511,138.599,608.374,252.617,140.081,529.286,247.383,122.709,563.987,263.628,-56.5232,482.988,159.176,-59.7513,495.045,182.674,-15.1755,490.707,186.22,-17.0458,480.238,160.77
106.023,197.391,83.6736,146.568,181.864,32.974,184.272,333.511,78.5664,136.183,264.278,71.6528,186.147,239.035,42.4906,233.762,318.166,53.8675,208.084,420.006,-11.9345,261.002,396.312,47.861,189.152,455.98,153.083,167.414,479.326,185.707,152.866,501.989,220.03,189.575,516.397,215.836,202.872,493.957,178.465,213.006,470.892,148.469,138.454,608.138,252.666,139.895,529.046,247.385,122.538,563.75,263.651,-56.6926,482.867,159.118,-59.9283,494.92,182.617,-15.3527,490.569,186.173,-17.2195,480.111,160.712
105.545,197.212,83.5892,146.061,181.662,32.8254,183.885,333.279,78.4915,135.746,264.081,71.5741,185.673,238.817,42.36,233.34,317.93,53.7307,207.7,419.783,-11.9972,260.63,396.054,47.7696,188.873,455.743,153.042,167.17,479.094,185.677,152.656,501.751,220.017,189.369,516.124,215.83,202.636,493.697,178.435,212.741,470.634,148.429,138.313,607.898,252.715,139.711,528.803,247.387,122.372,563.51,263.673,-56.8587,482.743,159.059,-60.1018,494.792,182.559,-15.5263,490.429,186.125,-17.3896,479.982,160.653
105.071,197.024,83.5093,145.558,181.449,32.6788,183.5,333.038,78.4196,135.311,263.874,71.4995,185.202,238.589,42.2335,232.92,317.682,53.5986,207.316,419.553,-12.0587,260.259,395.788,47.6802,188.597,455.502,153.001,166.928,478.859,185.648,152.448,501.51,220.004,189.165,515.847,215.824,202.402,493.432,178.406,212.476,470.372,148.389,138.176,607.656,252.763,139.531,528.557,247.389,122.21,563.267,263.694,-57.0213,482.617,159,-60.2717,494.662,182.502,-15.6963,490.286,186.078,-17.5562,479.851,160.594
104.601,196.826,83.4333,145.06,181.227,32.534,183.116,332.788,78.3505,134.879,263.659,71.4284,184.732,238.354,42.1106,232.501,317.424,53.4709,206.932,419.316,-12.1192,259.888,395.515,47.5927,188.322,455.256,152.962,166.689,478.619,185.62,152.243,501.265,219.991,188.964,515.565,215.82,202.17,493.162,178.377,212.214,470.104,148.35,138.043,607.411,252.811,139.354,528.308,247.39,122.051,563.021,263.715,-57.1806,482.489,158.941,-60.438,494.529,182.444,-15.8627,490.14,186.031,-17.7193,479.718,160.534
104.134,196.62,83.3608,144.565,180.996,32.3903,182.734,332.531,78.2838,134.449,263.434,71.3605,184.264,238.111,41.9908,232.084,317.157,53.347,206.549,419.072,-12.1787,259.518,395.236,47.507,188.049,455.005,152.924,166.452,478.375,185.593,152.041,501.017,219.978,188.766,515.28,215.816,201.941,492.887,178.349,211.954,469.831,148.312,137.914,607.163,252.858,139.181,528.056,247.391,121.897,562.773,263.735,-57.3363,482.358,158.881,-60.6005,494.394,182.386,-16.0255,489.992,185.984,-17.8788,479.583,160.474
103.672,196.405,83.2909,144.074,180.757,32.2476,182.353,332.266,78.2193,134.022,263.201,71.2953,183.799,237.86,41.8735,231.67,316.88,53.2268,206.167,418.821,-12.2374,259.149,394.95,47.4227,187.778,454.749,152.887,166.217,478.127,185.566,151.841,500.766,219.966,188.571,514.989,215.812,201.714,492.608,178.321,211.695,469.553,148.275,137.789,606.912,252.904,139.011,527.801,247.392,121.746,562.522,263.755,-57.4886,482.226,158.821,-60.7594,494.257,182.328,-16.1846,489.842,185.937,-18.0347,479.445,160.413
103.213,196.182,83.2233,143.586,180.51,32.1053,181.975,331.994,78.1565,133.598,262.961,71.2324,183.336,237.602,41.7582,231.258,316.594,53.1096,205.786,418.565,-12.2953,258.781,394.658,47.3397,187.51,454.489,152.851,165.985,477.875,185.54,151.644,500.511,219.954,188.379,514.694,215.81,201.49,492.325,178.294,211.439,469.27,148.238,137.668,606.659,252.949,138.845,527.543,247.392,121.599,562.268,263.774,-57.6373,482.091,158.761,-60.9145,494.117,182.27,-16.34,489.69,185.89,-18.187,479.306,160.351
102.759,195.952,83.1572,143.101,180.257,31.9633,181.599,331.715,78.0952,133.178,262.712,71.1712,182.876,237.337,41.6443,230.849,316.3,52.9952,205.408,418.303,-12.3527,258.415,394.36,47.2578,187.243,454.224,152.816,165.755,477.62,185.514,151.451,500.253,219.943,188.19,514.395,215.808,201.268,492.037,178.267,211.185,468.982,148.202,137.551,606.403,252.994,138.682,527.283,247.392,121.456,562.011,263.792,-57.7825,481.954,158.7,-61.0658,493.976,182.211,-16.4918,489.535,185.843,-18.3357,479.165,160.289
102.309,195.715,83.0922,142.619,179.997,31.8212,181.226,331.43,78.035,132.761,262.457,71.1114,182.418,237.067,41.5314,230.443,315.998,52.883,205.031,418.037,-12.4096,258.05,394.057,47.1766,186.979,453.955,152.782,165.528,477.36,185.489,151.26,499.992,219.931,188.003,514.092,215.807,201.049,491.745,178.24,210.934,468.69,148.167,137.439,606.144,253.039,138.523,527.02,247.392,121.318,561.752,263.81,-57.924,481.815,158.639,-61.2133,493.832,182.153,-16.6398,489.378,185.796,-18.4807,479.021,160.226
101.864,195.472,83.0277,142.14,179.733,31.6787,180.855,331.139,77.9755,132.347,262.196,71.0525,181.964,236.792,41.4188,230.041,315.69,52.7727,204.656,417.767,-12.4661,257.687,393.749,47.096,186.718,453.682,152.748,165.303,477.097,185.464,151.072,499.728,219.92,187.82,513.785,215.807,200.833,491.448,178.214,210.685,468.394,148.132,137.33,605.882,253.083,138.367,526.754,247.392,121.183,561.49,263.828,-58.062,481.674,158.578,-61.3569,493.686,182.094,-16.7841,489.219,185.749,-18.6221,478.876,160.163
101.424,195.223,82.9631,141.664,179.465,31.5355,180.488,330.843,77.9164,131.938,261.929,70.994,181.512,236.511,41.3062,229.642,315.376,52.6637,204.285,417.493,-12.5226,257.327,393.436,47.0156,186.459,453.405,152.715,165.082,476.831,185.44,150.887,499.461,219.909,187.641,513.474,215.807,200.62,491.148,178.189,210.439,468.093,148.097,137.226,605.618,253.127,138.215,526.486,247.392,121.052,561.226,263.845,-58.1964,481.532,158.516,-61.4967,493.538,182.035,-16.9246,489.058,185.702,-18.7599,478.729,160.1
100.989,194.969,82.8979,141.191,179.193,31.3913,180.125,330.542,77.8573,131.533,261.656,70.9355,181.064,236.227,41.1929,229.248,315.056,52.5556,203.917,417.216,-12.579,256.97,393.12,46.9352,186.204,453.125,152.682,164.863,476.561,185.416,150.706,499.191,219.898,187.464,513.159,215.807,200.411,490.844,178.163,210.195,467.789,148.063,137.125,605.352,253.17,138.067,526.215,247.391,120.925,560.96,263.861,-58.3271,481.387,158.454,-61.6326,493.388,181.976,-17.0614,488.896,185.656,-18.894,478.58,160.036
100.56,194.711,82.8318,140.721,178.918,31.246,179.766,330.237,77.7978,131.133,261.379,70.8766,180.62,235.939,41.0785,228.857,314.732,52.4481,203.553,416.936,-12.6356,256.616,392.8,46.8544,185.951,452.841,152.65,164.648,476.288,185.391,150.527,498.918,219.887,187.291,512.841,215.808,200.204,490.537,178.138,209.955,467.481,148.029,137.029,605.083,253.213,137.922,525.941,247.39,120.802,560.691,263.877,-58.4542,481.241,158.392,-61.7646,493.237,181.917,-17.1944,488.731,185.609,-19.0244,478.43,159.972
100.136,194.449,82.7643,140.254,178.641,31.0991,179.411,329.928,77.7376,130.738,261.098,70.8169,180.179,235.648,40.9626,228.472,314.403,52.3405,203.193,416.654,-12.6924,256.265,392.477,46.7731,185.701,452.553,152.617,164.436,476.012,185.367,150.352,498.642,219.876,187.121,512.52,215.809,200,490.226,178.113,209.718,467.169,147.994,136.937,604.811,253.256,137.781,525.666,247.389,120.683,560.419,263.893,-58.5776,481.092,158.33,-61.8927,493.083,181.857,-17.3236,488.564,185.562,-19.1511,478.277,159.908
99.7189,194.183,82.6949,139.79,178.363,30.9504,179.06,329.616,77.6764,130.348,260.813,70.756,179.743,235.355,40.8446,228.092,314.072,52.2325,202.837,416.371,-12.7498,255.917,392.151,46.6909,185.455,452.263,152.584,164.227,475.733,185.343,150.181,498.364,219.865,186.954,512.195,215.81,199.8,489.912,178.088,209.484,466.855,147.96,136.849,604.538,253.298,137.643,525.387,247.387,120.568,560.146,263.908,-58.6974,480.942,158.268,-62.0169,492.928,181.797,-17.4491,488.396,185.515,-19.2741,478.124,159.843
99.3081,193.915,82.6234,139.33,178.085,30.7996,178.715,329.301,77.6139,129.964,260.526,70.6936,179.312,235.06,40.7241,227.717,313.738,52.1237,202.487,416.087,-12.8077,255.574,391.823,46.6077,185.213,451.97,152.551,164.021,475.451,185.319,150.012,498.083,219.854,186.792,511.868,215.812,199.604,489.596,178.062,209.254,466.537,147.925,136.765,604.262,253.34,137.51,525.107,247.386,120.457,559.871,263.923,-58.8134,480.79,158.205,-62.1371,492.771,181.738,-17.5708,488.226,185.467,-19.3935,477.968,159.778
98.9041,193.644,82.5493,138.873,177.806,30.6465,178.375,328.984,77.5498,129.586,260.236,70.6295,178.885,234.764,40.6008,227.347,313.403,52.0137,202.141,415.803,-12.8664,255.235,391.494,46.523,184.974,451.674,152.517,163.82,475.167,185.295,149.848,497.8,219.843,186.632,511.538,215.813,199.411,489.276,178.037,209.028,466.218,147.89,136.685,603.984,253.381,137.38,524.825,247.384,120.349,559.593,263.937,-58.9258,480.637,158.142,-62.2534,492.613,181.678,-17.6886,488.054,185.42,-19.5091,477.811,159.712
98.5075,193.371,82.4724,138.42,177.528,30.4907,178.04,328.666,77.4838,129.214,259.944,70.5632,178.464,234.468,40.4742,226.983,313.067,51.9021,201.801,415.519,-12.926,254.901,391.164,46.4368,184.739,451.377,152.483,163.622,474.881,185.269,149.687,497.515,219.831,186.477,511.205,215.814,199.222,488.955,178.011,208.805,465.896,147.855,136.609,603.704,253.422,137.253,524.54,247.381,120.246,559.314,263.951,-59.0344,480.481,158.079,-62.3657,492.453,181.617,-17.8027,487.881,185.372,-19.6211,477.653,159.647
98.1185,193.097,82.3925,137.972,177.25,30.3319,177.712,328.347,77.4158,128.848,259.651,70.4946,178.048,234.171,40.3438,226.626,312.73,51.7884,201.467,415.236,-12.9866,254.572,390.834,46.3488,184.508,451.077,152.447,163.428,474.592,185.244,149.53,497.228,219.819,186.325,510.871,215.814,199.037,488.631,177.985,208.587,465.572,147.819,136.537,603.422,253.463,137.131,524.254,247.379,120.147,559.032,263.965,-59.1394,480.324,158.016,-62.474,492.291,181.557,-17.9129,487.706,185.324,-19.7294,477.493,159.581
97.7375,192.822,82.3092,137.528,176.974,30.1699,177.39,328.026,77.3455,128.49,259.357,70.4233,177.638,233.875,40.2095,226.275,312.394,51.6724,201.139,414.953,-13.0484,254.247,390.504,46.2587,184.281,450.776,152.411,163.238,474.302,185.218,149.376,496.939,219.806,186.177,510.534,215.815,198.856,488.305,177.958,208.373,465.246,147.782,136.469,603.138,253.503,137.012,523.965,247.375,120.051,558.749,263.978,-59.2407,480.166,157.953,-62.5785,492.128,181.496,-18.0194,487.53,185.275,-19.8341,477.332,159.514
97.3648,192.546,82.2223,137.09,176.7,30.0044,177.074,327.706,77.2727,128.138,259.063,70.3493,177.234,233.579,40.0708,225.931,312.058,51.5538,200.818,414.672,-13.1116,253.929,390.174,46.1664,184.059,450.474,152.373,163.052,474.01,185.191,149.226,496.648,219.793,186.033,510.196,215.814,198.68,487.978,177.93,208.163,464.92,147.744,136.405,602.853,253.543,136.897,523.676,247.372,119.96,558.465,263.991,-59.3382,480.006,157.889,-62.6789,491.963,181.435,-18.122,487.352,185.226,-19.935,477.169,159.448
97.0007,192.27,82.1317,136.657,176.428,29.8353,176.765,327.386,77.1972,127.794,258.768,70.2722,176.837,233.286,39.9275,225.594,311.724,51.4321,200.502,414.394,-13.1763,253.616,389.845,46.0718,183.841,450.171,152.334,162.87,473.717,185.163,149.081,496.356,219.779,185.893,509.857,215.813,198.507,487.65,177.902,207.957,464.592,147.705,136.345,602.566,253.583,136.786,523.384,247.368,119.872,558.179,264.003,-59.4321,479.845,157.825,-62.7754,491.797,181.374,-18.2208,487.173,185.177,-20.0323,477.006,159.381
96.6455,191.994,82.0372,136.229,176.159,29.6622,176.464,327.066,77.119,127.458,258.475,70.1919,176.447,232.994,39.7793,225.264,311.391,51.3071,200.194,414.117,-13.2425,253.309,389.517,45.9747,183.628,449.868,152.294,162.693,473.422,185.134,148.939,496.062,219.765,185.757,509.517,215.811,198.339,487.321,177.873,207.757,464.264,147.665,136.288,602.278,253.623,136.679,523.091,247.363,119.788,557.891,264.015,-59.5222,479.682,157.762,-62.868,491.63,181.313,-18.3159,486.993,185.127,-20.126,476.841,159.314
96.2995,191.718,81.9385,135.808,175.893,29.485,176.169,326.748,77.0379,127.129,258.183,70.1083,176.064,232.704,39.6259,224.941,311.061,51.1786,199.893,413.844,-13.3104,253.008,389.192,45.8749,183.42,449.563,152.252,162.52,473.127,185.104,148.801,495.767,219.75,185.625,509.176,215.808,198.175,486.991,177.843,207.561,463.936,147.624,136.235,601.988,253.662,136.575,522.798,247.358,119.707,557.602,264.026,-59.6087,479.518,157.698,-62.9567,491.461,181.251,-18.4071,486.811,185.076,-20.2159,476.675,159.247
95.9627,191.444,81.8356,135.393,175.63,29.3035,175.883,326.432,76.9537,126.808,257.892,70.0211,175.689,232.417,39.4672,224.626,310.734,51.0464,199.598,413.574,-13.3802,252.714,388.868,45.7725,183.217,449.259,152.208,162.351,472.831,185.073,148.667,495.471,219.734,185.497,508.834,215.804,198.015,486.662,177.812,207.37,463.609,147.581,136.186,601.697,253.701,136.475,522.503,247.352,119.631,557.312,264.037,-59.6914,479.352,157.633,-63.0415,491.291,181.189,-18.4945,486.629,185.025,-20.3023,476.507,159.179
95.6353,191.171,81.7283,134.986,175.37,29.1175,175.604,326.117,76.8664,126.496,257.603,69.9303,175.321,232.133,39.3031,224.319,310.41,50.9103,199.311,413.307,-13.4518,252.426,388.548,45.6672,183.019,448.956,152.163,162.188,472.535,185.041,148.538,495.174,219.717,185.374,508.492,215.799,197.86,486.332,177.78,207.184,463.281,147.538,136.14,601.405,253.739,136.379,522.206,247.346,119.558,557.021,264.048,-59.7705,479.185,157.569,-63.1223,491.119,181.127,-18.5781,486.445,184.973,-20.385,476.339,159.111
95.3173,190.9,81.6165,134.585,175.114,28.9271,175.332,325.804,76.776,126.192,257.317,69.8358,174.961,231.852,39.1335,224.019,310.09,50.7701,199.031,413.044,-13.5255,252.145,388.23,45.5592,182.827,448.652,152.116,162.029,472.238,185.007,148.412,494.877,219.699,185.254,508.15,215.793,197.71,486.002,177.747,207.004,462.955,147.492,136.098,601.112,253.777,136.287,521.91,247.339,119.489,556.729,264.058,-59.8459,479.017,157.505,-63.1993,490.947,181.065,-18.6579,486.26,184.921,-20.4641,476.17,159.043
95.0088,190.632,81.5,134.192,174.862,28.732,175.069,325.495,76.6823,125.896,257.033,69.7373,174.609,231.575,38.9583,223.728,309.773,50.6258,198.758,412.785,-13.6012,251.871,387.916,45.4483,182.639,448.35,152.067,161.874,471.941,184.972,148.291,494.579,219.68,185.138,507.809,215.785,197.565,485.673,177.713,206.828,462.629,147.446,136.059,600.819,253.815,136.199,521.612,247.332,119.423,556.436,264.068,-59.9177,478.848,157.44,-63.2724,490.773,181.003,-18.7339,486.074,184.868,-20.5397,476,158.975
94.7097,190.365,81.3789,133.807,174.613,28.5323,174.813,325.188,76.5853,125.609,256.752,69.6348,174.266,231.302,38.7777,223.444,309.461,50.4773,198.492,412.53,-13.6791,251.604,387.606,45.3347,182.457,448.049,152.016,161.725,471.645,184.936,148.174,494.281,219.66,185.027,507.468,215.776,197.424,485.345,177.677,206.658,462.305,147.397,136.023,600.524,253.852,136.114,521.314,247.324,119.361,556.143,264.077,-59.9858,478.678,157.375,-63.3416,490.599,180.94,-18.8062,485.887,184.814,-20.6116,475.83,158.907
94.4199,190.102,81.2529,133.43,174.369,28.328,174.566,324.884,76.485,125.329,256.475,69.5282,173.93,231.033,38.5916,223.168,309.154,50.3246,198.234,412.28,-13.7593,251.344,387.3,45.2182,182.281,447.749,151.963,161.581,471.349,184.898,148.061,493.983,219.639,184.92,507.129,215.766,197.288,485.018,177.641,206.493,461.983,147.347,135.991,600.23,253.889,136.033,521.016,247.315,119.302,555.849,264.086,-60.0502,478.507,157.31,-63.4071,490.423,180.877,-18.8747,485.699,184.759,-20.6799,475.658,158.839
94.1391,189.842,81.122,133.061,174.129,28.1191,174.326,324.585,76.3813,125.058,256.202,69.4174,173.603,230.768,38.4003,222.9,308.852,50.1677,197.982,412.035,-13.8417,251.091,386.998,45.0991,182.11,447.45,151.908,161.441,471.054,184.859,147.953,493.686,219.617,184.817,506.79,215.755,197.156,484.693,177.603,206.334,461.663,147.296,135.962,599.935,253.926,135.956,520.718,247.305,119.247,555.555,264.094,-60.1111,478.334,157.245,-63.4688,490.246,180.814,-18.9395,485.511,184.704,-20.7447,475.486,158.77
93.8671,189.585,80.9861,132.7,173.894,27.9056,174.094,324.289,76.2742,124.796,255.933,69.3023,173.285,230.508,38.2038,222.639,308.555,50.0067,197.738,411.794,-13.9264,250.846,386.701,44.9774,181.945,447.154,151.851,161.307,470.76,184.818,147.849,493.388,219.593,184.719,506.453,215.742,197.03,484.369,177.564,206.18,461.345,147.243,135.936,599.64,253.962,135.882,520.419,247.295,119.195,555.261,264.102,-60.1683,478.161,157.18,-63.5267,490.068,180.751,-19.0005,485.321,184.648,-20.806,475.313,158.702
93.6038,189.333,80.8453,132.348,173.663,27.6878,173.87,323.998,76.1637,124.541,255.668,69.1828,172.975,230.253,38.0024,222.387,308.263,49.8417,197.501,411.558,-14.0135,250.608,386.409,44.8533,181.785,446.859,151.792,161.177,470.467,184.776,147.749,493.091,219.569,184.624,506.117,215.727,196.908,484.047,177.524,206.032,461.03,147.188,135.913,599.345,253.998,135.812,520.121,247.284,119.147,554.966,264.11,-60.2219,477.987,157.115,-63.5809,489.889,180.688,-19.0578,485.131,184.591,-20.8638,475.139,158.633
93.3489,189.085,80.6994,132.005,173.437,27.4656,173.654,323.711,76.0498,124.294,255.408,69.0589,172.673,230.003,37.7963,222.142,307.977,49.673,197.271,411.328,-14.103,250.377,386.122,44.7268,181.631,446.567,151.731,161.052,470.176,184.733,147.653,492.796,219.544,184.534,505.783,215.711,196.791,483.727,177.482,205.889,460.718,147.132,135.892,599.051,254.034,135.745,519.823,247.273,119.102,554.672,264.117,-60.272,477.812,157.049,-63.6314,489.709,180.625,-19.1115,484.94,184.533,-20.918,474.965,158.564
93.102,188.841,80.5485,131.671,173.215,27.2392,173.445,323.428,75.9325,124.055,255.153,68.9305,172.38,229.758,37.5858,221.905,307.697,49.5005,197.048,411.102,-14.1948,250.154,385.84,44.5982,181.483,446.278,151.668,160.933,469.886,184.688,147.561,492.501,219.517,184.448,505.452,215.694,196.679,483.41,177.439,205.752,460.408,147.074,135.875,598.756,254.07,135.682,519.526,247.261,119.06,554.378,264.124,-60.3185,477.636,156.984,-63.6782,489.529,180.561,-19.1614,484.749,184.474,-20.9688,474.791,158.495
92.8628,188.602,80.3926,131.345,172.998,27.0089,173.243,323.151,75.8118,123.824,254.903,68.7976,172.096,229.519,37.3712,221.675,307.423,49.3247,196.832,410.882,-14.289,249.937,385.564,44.4676,181.341,445.991,151.604,160.818,469.598,184.642,147.474,492.207,219.49,184.366,505.123,215.675,196.572,483.096,177.396,205.621,460.102,147.015,135.86,598.463,254.105,135.623,519.229,247.248,119.021,554.084,264.13,-60.3615,477.46,156.918,-63.7214,489.347,180.498,-19.2078,484.557,184.415,-21.0162,474.616,158.427
92.6311,188.368,80.2316,131.028,172.785,26.7748,173.048,322.879,75.6878,123.6,254.658,68.6602,171.82,229.284,37.1528,221.452,307.155,49.1457,196.622,410.667,-14.3855,249.729,385.293,44.3352,181.204,445.707,151.538,160.709,469.312,184.594,147.391,491.914,219.461,184.288,504.796,215.655,196.469,482.784,177.351,205.495,459.8,146.955,135.848,598.17,254.14,135.567,518.934,247.234,118.985,553.791,264.136,-60.401,477.283,156.852,-63.761,489.165,180.434,-19.2505,484.365,184.355,-21.0601,474.441,158.358
92.4065,188.139,80.0657,130.72,172.578,26.5372,172.86,322.612,75.5606,123.383,254.419,68.5184,171.552,229.056,36.9309,221.237,306.894,48.9639,196.419,410.458,-14.4841,249.527,385.028,44.2013,181.073,445.427,151.47,160.604,469.028,184.545,147.312,491.623,219.432,184.214,504.473,215.633,196.372,482.476,177.305,205.374,459.501,146.893,135.838,597.877,254.174,135.515,518.639,247.22,118.953,553.499,264.142,-60.437,477.105,156.786,-63.7971,488.982,180.371,-19.2896,484.172,184.294,-21.1006,474.265,158.289
92.1889,187.916,79.8949,130.422,172.375,26.2962,172.679,322.351,75.4301,123.174,254.185,68.3721,171.293,228.833,36.7059,221.028,306.639,48.7794,196.223,410.254,-14.5849,249.333,384.769,44.066,180.947,445.149,151.4,160.504,468.747,184.495,147.238,491.334,219.401,184.144,504.152,215.611,196.279,482.171,177.258,205.259,459.206,146.83,135.831,597.586,254.208,135.466,518.346,247.206,118.923,553.207,264.147,-60.4695,476.927,156.72,-63.8296,488.798,180.307,-19.3251,483.979,184.233,-21.1377,474.089,158.221
91.9779,187.698,79.7194,130.132,172.178,26.0522,172.505,322.095,75.2966,122.971,253.956,68.2215,171.042,228.615,36.4781,220.827,306.39,48.5927,196.034,410.055,-14.6875,249.146,384.516,43.9297,180.828,444.875,151.329,160.409,468.468,184.444,147.167,491.047,219.37,184.078,503.835,215.587,196.19,481.869,177.21,205.149,458.915,146.766,135.826,597.296,254.242,135.42,518.054,247.191,118.896,552.916,264.152,-60.4986,476.748,156.654,-63.8588,488.613,180.244,-19.3571,483.786,184.17,-21.1715,473.913,158.152
91.7734,187.486,79.5392,129.852,171.985,25.8053,172.336,321.845,75.1601,122.775,253.734,68.0667,170.8,228.403,36.248,220.633,306.148,48.4041,195.851,409.861,-14.792,248.966,384.269,43.7924,180.714,444.605,151.257,160.319,468.192,184.392,147.101,490.762,219.338,184.016,503.521,215.562,196.107,481.571,177.161,205.045,458.629,146.701,135.823,597.008,254.276,135.377,517.763,247.175,118.872,552.627,264.157,-60.5243,476.569,156.588,-63.8845,488.428,180.18,-19.3857,483.592,184.108,-21.202,473.737,158.084
91.5752,187.279,79.3544,129.58,171.796,25.5559,172.175,321.601,75.0208,122.586,253.517,67.9077,170.566,228.197,36.0157,220.446,305.913,48.2139,195.674,409.673,-14.898,248.793,384.028,43.6545,180.605,444.338,151.184,160.234,467.919,184.339,147.038,490.479,219.305,183.958,503.21,215.536,196.027,481.277,177.112,204.946,458.346,146.635,135.823,596.721,254.31,135.338,517.474,247.159,118.851,552.339,264.161,-60.5467,476.39,156.522,-63.9068,488.242,180.117,-19.4107,483.398,184.044,-21.2292,473.56,158.016
91.3832,187.078,79.1654,129.318,171.613,25.3042,172.019,321.362,74.8789,122.404,253.305,67.7449,170.341,227.997,35.7818,220.265,305.684,48.0224,195.505,409.491,-15.0053,248.627,383.793,43.5163,180.502,444.076,151.11,160.153,467.649,184.285,146.979,490.199,219.272,183.903,502.903,215.509,195.953,480.987,177.062,204.852,458.069,146.568,135.824,596.436,254.343,135.302,517.187,247.143,118.833,552.052,264.166,-60.5657,476.211,156.456,-63.9258,488.056,180.054,-19.4323,483.204,183.981,-21.2531,473.384,157.948
91.1973,186.882,78.9721,129.065,171.434,25.0505,171.87,321.13,74.7346,122.228,253.099,67.5785,170.124,227.802,35.5466,220.092,305.461,47.83,195.341,409.314,-15.1136,248.468,383.565,43.3779,180.404,443.817,151.035,160.077,467.383,184.231,146.925,489.921,219.237,183.853,502.6,215.481,195.883,480.701,177.012,204.764,457.795,146.501,135.827,596.152,254.376,135.269,516.902,247.126,118.817,551.767,264.17,-60.5813,476.031,156.39,-63.9416,487.869,179.991,-19.4506,483.01,183.916,-21.2738,473.207,157.88
91.0175,186.692,78.775,128.822,171.26,24.7952,171.727,320.903,74.588,122.059,252.899,67.4085,169.915,227.613,35.3105,219.926,305.245,47.6371,195.185,409.142,-15.2224,248.316,383.342,43.2397,180.312,443.562,150.959,160.006,467.119,184.176,146.874,489.646,219.203,183.806,502.302,215.452,195.817,480.419,176.962,204.68,457.527,146.434,135.833,595.871,254.409,135.239,516.62,247.109,118.804,551.484,264.174,-60.5937,475.852,156.324,-63.9542,487.681,179.929,-19.4655,482.817,183.852,-21.2913,473.031,157.813
90.8437,186.506,78.5741,128.588,171.09,24.5387,171.59,320.681,74.4396,121.897,252.704,67.2354,169.715,227.429,35.0737,219.766,305.036,47.4441,195.035,408.977,-15.3315,248.17,383.126,43.102,180.224,443.312,150.883,159.939,466.86,184.12,146.827,489.374,219.168,183.762,502.007,215.423,195.755,480.142,176.911,204.602,457.263,146.366,135.84,595.592,254.441,135.212,516.339,247.092,118.793,551.202,264.178,-60.6029,475.673,156.258,-63.9636,487.493,179.867,-19.4771,482.623,183.787,-21.3057,472.855,157.746
90.6761,186.326,78.3699,128.364,170.925,24.2811,171.46,320.465,74.2895,121.741,252.514,67.0595,169.524,227.251,34.8368,219.613,304.832,47.2512,194.892,408.816,-15.4404,248.032,382.916,42.965,180.142,443.065,150.806,159.877,466.603,184.065,146.784,489.105,219.133,183.722,501.716,215.393,195.698,479.869,176.86,204.528,457.004,146.298,135.849,595.315,254.474,135.188,516.061,247.075,118.785,550.923,264.182,-60.6088,475.493,156.191,-63.9699,487.305,179.805,-19.4854,482.429,183.721,-21.317,472.679,157.68
90.5146,186.151,78.1627,128.149,170.763,24.0231,171.336,320.255,74.1381,121.592,252.329,66.8811,169.342,227.078,34.6001,219.468,304.635,47.0589,194.757,408.662,-15.5486,247.9,382.712,42.8291,180.066,442.823,150.73,159.819,466.351,184.009,146.744,488.839,219.097,183.686,501.43,215.364,195.645,479.601,176.81,204.459,456.75,146.23,135.859,595.04,254.507,135.167,515.786,247.057,118.78,550.646,264.186,-60.6116,475.314,156.125,-63.9731,487.116,179.743,-19.4905,482.236,183.656,-21.3251,472.503,157.614
90.3595,185.981,77.9527,127.945,170.606,23.7648,171.218,320.049,73.9858,121.45,252.149,66.7006,169.168,226.91,34.3639,219.33,304.444,46.8675,194.629,408.513,-15.6555,247.775,382.513,42.6945,179.994,442.586,150.653,159.765,466.102,183.954,146.708,488.576,219.062,183.652,501.149,215.333,195.596,479.337,176.759,204.395,456.501,146.162,135.871,594.768,254.539,135.149,515.513,247.04,118.776,550.371,264.189,-60.6112,475.135,156.059,-63.9734,486.927,179.682,-19.4925,482.043,183.59,-21.3303,472.327,157.548
90.211,185.814,77.7404,127.75,170.453,23.5068,171.107,319.849,73.8329,121.316,251.974,66.5184,169.003,226.747,34.1287,219.199,304.259,46.6775,194.508,408.37,-15.7608,247.657,382.321,42.5615,179.927,442.353,150.577,159.715,465.857,183.898,146.675,488.316,219.026,183.622,500.872,215.303,195.551,479.078,176.709,204.336,456.257,146.095,135.885,594.499,254.571,135.133,515.243,247.023,118.775,550.098,264.193,-60.6077,474.957,155.993,-63.9708,486.738,179.622,-19.4913,481.85,183.525,-21.3324,472.152,157.483
90.0691,185.652,77.5262,127.566,170.304,23.2496,171.003,319.653,73.6798,121.188,251.802,66.335,168.848,226.589,33.8947,219.076,304.079,46.4891,194.394,408.232,-15.8639,247.545,382.135,42.4305,179.865,442.124,150.501,159.67,465.616,183.843,146.646,488.06,218.991,183.596,500.6,215.273,195.51,478.823,176.659,204.282,456.018,146.029,135.9,594.232,254.604,135.12,514.976,247.006,118.776,549.828,264.197,-60.6012,474.779,155.927,-63.9653,486.548,179.562,-19.4871,481.658,183.459,-21.3316,471.977,157.419
89.9342,185.494,77.3106,127.392,170.158,22.9934,170.906,319.462,73.5269,121.068,251.635,66.1507,168.702,226.436,33.6625,218.96,303.905,46.3027,194.289,408.101,-15.9642,247.44,381.954,42.3017,179.808,441.899,150.426,159.628,465.379,183.789,146.62,487.808,218.956,183.572,500.332,215.243,195.473,478.574,176.611,204.231,455.784,145.963,135.916,593.968,254.636,135.11,514.713,246.989,118.779,549.561,264.202,-60.5916,474.602,155.861,-63.957,486.359,179.502,-19.4799,481.467,183.394,-21.3279,471.802,157.355
89.8066,185.339,77.094,127.229,170.015,22.739,170.816,319.276,73.3746,120.956,251.472,65.9662,168.566,226.287,33.4324,218.852,303.736,46.1188,194.191,407.976,-16.0611,247.342,381.778,42.1755,179.755,441.679,150.353,159.59,465.146,183.735,146.598,487.559,218.922,183.551,500.069,215.213,195.44,478.329,176.563,204.186,455.554,145.899,135.934,593.708,254.668,135.103,514.452,246.972,118.784,549.297,264.206,-60.5791,474.425,155.796,-63.9459,486.169,179.444,-19.4697,481.276,183.329,-21.3213,471.628,157.292
89.6865,185.188,76.8771,127.077,169.875,22.4867,170.733,319.093,73.2234,120.852,251.312,65.782,168.439,226.143,33.2047,218.751,303.572,45.9376,194.102,407.857,-16.1543,247.25,381.608,42.052,179.707,441.464,150.28,159.557,464.917,183.682,146.578,487.314,218.888,183.534,499.811,215.184,195.41,478.089,176.516,204.144,455.33,145.835,135.952,593.45,254.701,135.097,514.195,246.956,118.792,549.035,264.211,-60.5636,474.249,155.73,-63.9322,485.979,179.386,-19.4566,481.085,183.264,-21.3118,471.454,157.23
89.5742,185.039,76.6604,126.936,169.738,22.2371,170.657,318.915,73.0737,120.755,251.155,65.5984,168.321,226.002,32.9799,218.659,303.413,45.7594,194.021,407.744,-16.2431,247.165,381.443,41.9317,179.664,441.253,150.208,159.526,464.692,183.63,146.562,487.073,218.854,183.519,499.557,215.155,195.384,477.853,176.47,204.107,455.111,145.773,135.973,593.196,254.733,135.095,513.941,246.94,118.801,548.776,264.216,-60.5452,474.074,155.665,-63.9159,485.789,179.328,-19.4407,480.895,183.2,-21.2996,471.281,157.169
89.47,184.892,76.4444,126.806,169.604,21.9906,170.589,318.74,72.9259,120.667,251.001,65.4162,168.214,225.865,32.7583,218.575,303.259,45.5848,193.948,407.637,-16.3271,247.087,381.284,41.8147,179.624,441.046,150.138,159.5,464.471,183.579,146.548,486.835,218.822,183.507,499.309,215.127,195.361,477.623,176.425,204.074,454.897,145.713,135.994,592.945,254.766,135.094,513.691,246.925,118.812,548.52,264.221,-60.524,473.899,155.6,-63.8971,485.599,179.272,-19.422,480.706,183.136,-21.2847,471.109,157.109
89.3743,184.748,76.2297,126.687,169.472,21.7479,170.529,318.568,72.7805,120.588,250.85,65.2358,168.117,225.732,32.5403,218.498,303.109,45.4138,193.884,407.535,-16.4059,247.015,381.129,41.7012,179.59,440.844,150.07,159.477,464.254,183.53,146.538,486.601,218.79,183.498,499.065,215.1,195.342,477.397,176.382,204.044,454.687,145.654,136.016,592.698,254.799,135.096,513.444,246.91,118.825,548.268,264.226,-60.5,473.726,155.535,-63.8757,485.41,179.217,-19.4006,480.518,183.072,-21.2671,470.937,157.049
89.2873,184.605,76.0171,126.581,169.341,21.5093,170.477,318.399,72.6379,120.517,250.7,65.0577,168.029,225.602,32.3263,218.43,302.963,45.2468,193.828,407.44,-16.479,246.95,380.978,41.5916,179.559,440.646,150.004,159.457,464.041,183.482,146.53,486.372,218.759,183.491,498.826,215.074,195.325,477.176,176.34,204.019,454.482,145.597,136.04,592.454,254.831,135.1,513.201,246.896,118.84,548.018,264.232,-60.4732,473.554,155.47,-63.852,485.22,179.162,-19.3764,480.331,183.009,-21.2468,470.765,156.99
89.2094,184.464,75.8071,126.485,169.212,21.2754,170.432,318.233,72.4985,120.455,250.552,64.8826,167.952,225.474,32.1164,218.37,302.822,45.0841,193.78,407.351,-16.5461,246.892,380.832,41.4858,179.532,440.452,149.94,159.441,463.832,183.435,146.525,486.146,218.73,183.487,498.592,215.049,195.312,476.96,176.3,203.997,454.282,145.543,136.064,592.213,254.865,135.106,512.961,246.883,118.857,547.772,264.239,-60.4437,473.383,155.405,-63.8259,485.031,179.108,-19.3497,480.145,182.947,-21.2239,470.595,156.933
89.1408,184.323,75.6004,126.402,169.085,21.0468,170.396,318.069,72.3627,120.402,250.406,64.711,167.885,225.35,31.9111,218.318,302.684,44.9259,193.741,407.268,-16.607,246.839,380.691,41.3843,179.509,440.262,149.878,159.427,463.627,183.391,146.522,485.924,218.701,183.485,498.363,215.025,195.302,476.748,176.261,203.979,454.086,145.49,136.09,591.977,254.898,135.115,512.725,246.871,118.876,547.53,264.246,-60.4115,473.214,155.341,-63.7975,484.842,179.056,-19.3205,479.96,182.886,-21.1986,470.425,156.876
89.0819,184.182,75.3976,126.33,168.958,20.8237,170.367,317.908,72.231,120.358,250.261,64.5433,167.828,225.227,31.7107,218.274,302.549,44.7724,193.711,407.19,-16.6614,246.793,380.553,41.2869,179.49,440.076,149.818,159.417,463.427,183.348,146.522,485.706,218.674,183.486,498.139,215.002,195.295,476.541,176.225,203.964,453.895,145.44,136.116,591.743,254.931,135.125,512.494,246.859,118.896,547.29,264.253,-60.3768,473.046,155.277,-63.7669,484.653,179.004,-19.2887,479.776,182.826,-21.1707,470.256,156.821
89.0328,184.042,75.1992,126.269,168.833,20.6066,170.347,317.748,72.1037,120.323,250.117,64.3801,167.78,225.106,31.5152,218.238,302.418,44.6237,193.688,407.118,-16.7092,246.753,380.419,41.194,179.474,439.895,149.761,159.409,463.23,183.307,146.525,485.492,218.648,183.489,497.919,214.981,195.291,476.339,176.19,203.953,453.708,145.392,136.144,591.514,254.965,135.138,512.265,246.849,118.918,547.055,264.261,-60.3395,472.879,155.213,-63.7342,484.465,178.954,-19.2546,479.593,182.766,-21.1404,470.088,156.766
88.9938,183.901,75.006,126.22,168.707,20.3959,170.335,317.59,71.9813,120.298,249.973,64.2218,167.743,224.988,31.3251,218.209,302.289,44.4799,193.674,407.052,-16.7501,246.719,380.288,41.1055,179.462,439.717,149.707,159.405,463.037,183.268,146.53,485.282,218.624,183.494,497.704,214.961,195.289,476.14,176.157,203.945,453.526,145.346,136.172,591.288,254.999,135.152,512.041,246.839,118.941,546.823,264.269,-60.2996,472.714,155.15,-63.6994,484.278,178.904,-19.218,479.411,182.708,-21.1077,469.92,156.713
88.9648,183.759,74.8184,126.183,168.582,20.1918,170.331,317.432,71.8639,120.282,249.829,64.0689,167.715,224.87,31.1403,218.188,302.164,44.3413,193.667,406.99,-16.7843,246.69,380.161,41.0216,179.453,439.543,149.655,159.403,462.848,183.231,146.537,485.076,218.601,183.501,497.493,214.943,195.29,475.946,176.127,203.94,453.347,145.304,136.201,591.067,255.033,135.168,511.821,246.83,118.966,546.594,264.278,-60.2574,472.551,155.086,-63.6626,484.091,178.856,-19.1792,479.231,182.65,-21.0727,469.754,156.661
88.9461,183.615,74.637,126.156,168.457,19.9947,170.334,317.276,71.752,120.275,249.685,63.9217,167.696,224.754,30.9611,218.175,302.04,44.2076,193.668,406.933,-16.8116,246.667,380.037,40.9422,179.448,439.373,149.606,159.403,462.663,183.196,146.546,484.874,218.58,183.51,497.287,214.926,195.293,475.757,176.098,203.937,453.172,145.264,136.232,590.849,255.067,135.186,511.605,246.823,118.993,546.369,264.288,-60.2127,472.389,155.024,-63.6239,483.904,178.81,-19.1382,479.052,182.594,-21.0354,469.589,156.611
88.9376,183.471,74.4621,126.14,168.332,19.8047,170.346,317.121,71.6458,120.276,249.54,63.7806,167.686,224.638,30.7874,218.169,301.92,44.0791,193.676,406.881,-16.8323,246.648,379.916,40.8673,179.445,439.207,149.56,159.406,462.481,183.164,146.557,484.676,218.561,183.521,497.085,214.91,195.299,475.571,176.072,203.938,453.002,145.226,136.263,590.635,255.102,135.206,511.392,246.816,119.021,546.148,264.298,-60.1657,472.23,154.961,-63.5832,483.718,178.764,-19.095,478.874,182.539,-20.9959,469.424,156.561
88.9392,183.324,74.2942,126.134,168.206,19.6218,170.364,316.966,71.5455,120.287,249.395,63.6458,167.685,224.523,30.6194,218.169,301.801,43.9555,193.69,406.833,-16.8463,246.635,379.798,40.797,179.445,439.043,149.518,159.411,462.303,183.134,146.57,484.482,218.543,183.534,496.888,214.897,195.306,475.389,176.048,203.94,452.834,145.192,136.295,590.424,255.137,135.228,511.184,246.811,119.051,545.93,264.309,-60.1164,472.072,154.899,-63.5408,483.534,178.72,-19.0496,478.698,182.485,-20.9542,469.261,156.513
88.9507,183.175,74.1335,126.138,168.08,19.4462,170.39,316.811,71.4513,120.306,249.249,63.5176,167.691,224.409,30.4569,218.176,301.684,43.8369,193.711,406.79,-16.8539,246.626,379.681,40.7311,179.448,438.884,149.478,159.418,462.129,183.106,146.585,484.292,218.527,183.549,496.695,214.885,195.316,475.212,176.026,203.946,452.671,145.16,136.328,590.218,255.172,135.251,510.979,246.807,119.082,545.717,264.32,-60.0649,471.916,154.838,-63.4967,483.35,178.677,-19.0023,478.524,182.432,-20.9105,469.099,156.466
88.972,183.024,73.9803,126.152,167.954,19.2778,170.423,316.656,71.3633,120.332,249.102,63.396,167.706,224.295,30.3,218.189,301.568,43.7231,193.738,406.75,-16.8553,246.621,379.567,40.6696,179.453,438.727,149.441,159.427,461.958,183.081,146.602,484.105,218.513,183.565,496.506,214.875,195.328,475.038,176.007,203.953,452.51,145.131,136.362,590.016,255.207,135.275,510.779,246.804,119.115,545.507,264.332,-60.0113,471.763,154.776,-63.4509,483.167,178.635,-18.953,478.351,182.381,-20.8647,468.938,156.42
89.0025,182.87,73.8346,126.173,167.826,19.1165,170.462,316.502,71.2814,120.367,248.953,63.2812,167.727,224.181,30.1484,218.207,301.455,43.6139,193.77,406.713,-16.8507,246.62,379.455,40.6124,179.46,438.574,149.407,159.438,461.791,183.058,146.62,483.922,218.5,183.583,496.321,214.866,195.341,474.867,175.989,203.962,452.353,145.105,136.396,589.817,255.243,135.302,510.582,246.803,119.148,545.3,264.345,-59.9555,471.612,154.716,-63.4035,482.985,178.595,-18.9017,478.18,182.331,-20.8169,468.779,156.376
89.0418,182.714,73.6965,126.203,167.698,18.9621,170.507,316.347,71.2058,120.409,248.804,63.1731,167.755,224.067,30.0022,218.231,301.342,43.5092,193.807,406.68,-16.8405,246.622,379.345,40.5593,179.469,438.423,149.376,159.451,461.627,183.037,146.64,483.743,218.49,183.602,496.14,214.859,195.356,474.7,175.974,203.973,452.199,145.082,136.432,589.622,255.279,135.329,510.39,246.802,119.184,545.098,264.358,-59.8978,471.463,154.655,-63.3545,482.804,178.556,-18.8486,478.011,182.282,-20.7672,468.621,156.333
89.0893,182.556,73.5659,126.239,167.57,18.8144,170.558,316.193,71.1363,120.457,248.654,63.0717,167.788,223.954,29.861,218.258,301.231,43.4087,193.849,406.649,-16.8249,246.627,379.237,40.5101,179.48,438.276,149.348,159.465,461.466,183.019,146.662,483.567,218.481,183.623,495.962,214.854,195.372,474.536,175.961,203.986,452.048,145.062,136.469,589.432,255.315,135.359,510.201,246.803,119.22,544.9,264.372,-59.838,471.316,154.596,-63.3041,482.624,178.519,-18.7938,477.843,182.235,-20.7156,468.464,156.292
89.1443,182.396,73.4427,126.281,167.441,18.6731,170.613,316.038,71.0727,120.511,248.502,62.9767,167.826,223.84,29.7247,218.29,301.12,43.3122,193.894,406.622,-16.8044,246.635,379.13,40.4647,179.493,438.131,149.323,159.481,461.308,183.003,146.685,483.395,218.474,183.645,495.789,214.85,195.39,474.376,175.95,204.001,451.899,145.044,136.506,589.245,255.352,135.389,510.017,246.805,119.258,544.705,264.387,-59.7764,471.172,154.536,-63.2523,482.446,178.483,-18.7372,477.677,182.189,-20.6623,468.309,156.251
89.2061,182.233,73.3266,126.328,167.312,18.5378,170.673,315.884,71.0149,120.57,248.35,62.8879,167.869,223.726,29.593,218.325,301.011,43.2194,193.942,406.596,-16.7791,246.644,379.024,40.423,179.507,437.989,149.301,159.498,461.153,182.989,146.709,483.227,218.469,183.669,495.619,214.849,195.409,474.219,175.942,204.016,451.753,145.029,136.544,589.062,255.388,135.421,509.836,246.808,119.298,544.514,264.402,-59.7128,471.031,154.477,-63.1991,482.269,178.449,-18.679,477.514,182.145,-20.6072,468.156,156.213
89.2736,182.07,73.2172,126.38,167.183,18.4082,170.736,315.729,70.9627,120.633,248.198,62.8051,167.914,223.613,29.4656,218.362,300.902,43.1301,193.993,406.573,-16.7496,246.656,378.919,40.3846,179.522,437.849,149.282,159.516,461.001,182.978,146.734,483.062,218.465,183.694,495.452,214.848,195.429,474.064,175.935,204.033,451.61,145.016,136.584,588.883,255.425,135.455,509.659,246.812,119.338,544.327,264.418,-59.6476,470.892,154.419,-63.1447,482.094,178.416,-18.6192,477.352,182.102,-20.5504,468.004,156.175
89.3458,181.905,73.1142,126.434,167.054,18.2838,170.802,315.575,70.9155,120.7,248.045,62.7278,167.962,223.5,29.3423,218.402,300.795,43.044,194.046,406.552,-16.716,246.668,378.816,40.3493,179.539,437.712,149.265,159.535,460.852,182.969,146.761,482.9,218.464,183.719,495.289,214.849,195.45,473.912,175.93,204.051,451.468,145.006,136.624,588.708,255.462,135.489,509.486,246.818,119.38,544.143,264.434,-59.5806,470.756,154.361,-63.089,481.92,178.385,-18.5578,477.192,182.061,-20.4919,467.853,156.139
89.4218,181.739,73.0169,126.491,166.926,18.164,170.87,315.422,70.8732,120.769,247.892,62.6556,168.012,223.387,29.2227,218.442,300.688,42.9609,194.101,406.532,-16.6788,246.682,378.713,40.317,179.556,437.577,149.251,159.556,460.705,182.961,146.789,482.742,218.463,183.746,495.129,214.852,195.472,473.763,175.927,204.069,451.329,144.998,136.665,588.536,255.499,135.525,509.316,246.824,119.423,543.964,264.451,-59.512,470.623,154.304,-63.0322,481.748,178.355,-18.495,477.035,182.021,-20.432,467.705,156.104
89.5003,181.573,72.925,126.548,166.799,18.0485,170.939,315.27,70.8353,120.84,247.739,62.5879,168.062,223.275,29.1067,218.484,300.582,42.8804,194.158,406.515,-16.6383,246.695,378.611,40.2874,179.574,437.444,149.239,159.577,460.562,182.956,146.817,482.587,218.465,183.774,494.973,214.856,195.494,473.617,175.926,204.088,451.191,144.992,136.707,588.369,255.536,135.562,509.151,246.832,119.468,543.788,264.469,-59.4418,470.493,154.247,-62.9743,481.577,178.327,-18.4309,476.88,181.982,-20.3705,467.558,156.071
89.58,181.408,72.8376,126.605,166.673,17.9368,171.009,315.118,70.8013,120.911,247.588,62.5243,168.111,223.164,28.9938,218.525,300.477,42.8024,194.214,406.498,-16.5948,246.709,378.51,40.2603,179.592,437.313,149.229,159.599,460.421,182.953,146.847,482.435,218.468,183.802,494.819,214.862,195.518,473.473,175.927,204.107,451.056,144.989,136.75,588.205,255.573,135.6,508.989,246.84,119.513,543.617,264.487,-59.3701,470.365,154.191,-62.9153,481.409,178.3,-18.3653,476.727,181.945,-20.3076,467.414,156.039
89.6597,181.244,72.7542,126.661,166.549,17.8282,171.078,314.968,70.7708,120.982,247.437,62.4642,168.16,223.054,28.8838,218.565,300.373,42.7267,194.271,406.484,-16.5485,246.722,378.409,40.2354,179.611,437.184,149.222,159.621,460.282,182.952,146.877,482.286,218.473,183.831,494.668,214.868,195.542,473.331,175.929,204.127,450.922,144.987,136.794,588.045,255.61,135.639,508.831,246.85,119.56,543.448,264.505,-59.297,470.241,154.136,-62.8554,481.242,178.274,-18.2986,476.576,181.909,-20.2434,467.271,156.008
89.738,181.082,72.6741,126.715,166.426,17.7224,171.145,314.82,70.7433,121.051,247.289,62.4069,168.206,222.945,28.7765,218.604,300.269,42.6529,194.328,406.47,-16.4996,246.735,378.31,40.2126,179.63,437.056,149.216,159.644,460.146,182.952,146.909,482.141,218.479,183.862,494.521,214.876,195.566,473.191,175.933,204.147,450.789,144.988,136.84,587.888,255.647,135.68,508.677,246.86,119.608,543.284,264.523,-59.2226,470.12,154.081,-62.7945,481.078,178.251,-18.2306,476.428,181.874,-20.1778,467.13,155.979
89.8137,180.922,72.5966,126.765,166.307,17.6189,171.211,314.674,70.7182,121.118,247.142,62.3519,168.25,222.838,28.6716,218.64,300.167,42.581,194.384,406.459,-16.4484,246.746,378.211,40.1915,179.648,436.931,149.213,159.668,460.012,182.954,146.941,481.998,218.486,183.892,494.376,214.885,195.591,473.054,175.938,204.167,450.658,144.99,136.886,587.735,255.683,135.721,508.526,246.872,119.657,543.124,264.543,-59.1468,470.001,154.027,-62.7328,480.916,178.228,-18.1614,476.282,181.841,-20.111,466.992,155.951
89.8855,180.766,72.521,126.811,166.19,17.5172,171.273,314.531,70.6952,121.182,246.999,62.2985,168.29,222.732,28.5688,218.674,300.066,42.5107,194.439,406.448,-16.395,246.755,378.112,40.172,179.667,436.807,149.21,159.692,459.88,182.957,146.973,481.859,218.495,183.924,494.233,214.895,195.615,472.918,175.944,204.187,450.529,144.993,136.933,587.586,255.72,135.763,508.379,246.884,119.707,542.967,264.562,-59.0699,469.886,153.974,-62.6703,480.756,178.207,-18.0912,476.138,181.809,-20.043,466.855,155.924
89.9521,180.614,72.4465,126.852,166.076,17.4169,171.331,314.391,70.6736,121.241,246.859,62.246,168.326,222.629,28.4681,218.705,299.966,42.442,194.493,406.439,-16.3395,246.763,378.014,40.154,179.686,436.685,149.21,159.716,459.75,182.962,147.007,481.722,218.505,183.956,494.093,214.906,195.641,472.785,175.952,204.207,450.4,144.998,136.981,587.441,255.757,135.807,508.236,246.897,119.758,542.814,264.581,-58.9918,469.775,153.921,-62.607,480.598,178.188,-18.02,475.998,181.779,-19.974,466.721,155.898
90.0123,180.466,72.3726,126.887,165.965,17.3176,171.385,314.253,70.653,121.294,246.722,62.1939,168.356,222.527,28.3691,218.731,299.868,42.3747,194.545,406.432,-16.282,246.769,377.917,40.1371,179.704,436.565,149.21,159.741,459.623,182.968,147.041,481.588,218.516,183.988,493.956,214.918,195.666,472.653,175.96,204.227,450.273,145.004,137.03,587.299,255.793,135.851,508.096,246.911,119.81,542.665,264.601,-58.9128,469.666,153.869,-62.543,480.443,178.17,-17.9478,475.86,181.749,-19.9038,466.59,155.873
90.0649,180.323,72.2984,126.916,165.859,17.219,171.433,314.12,70.633,121.342,246.59,62.1416,168.382,222.428,28.2719,218.754,299.77,42.3088,194.596,406.426,-16.2224,246.772,377.82,40.1213,179.721,436.446,149.212,159.766,459.498,182.975,147.075,481.457,218.528,184.022,493.822,214.93,195.691,472.523,175.97,204.246,450.147,145.012,137.08,587.16,255.829,135.896,507.96,246.925,119.864,542.519,264.621,-58.8327,469.561,153.818,-62.4784,480.291,178.153,-17.8747,475.724,181.721,-19.8327,466.461,155.85
90.109,180.186,72.2236,126.937,165.756,17.1209,171.474,313.99,70.6131,121.383,246.462,62.0885,168.401,222.332,28.1763,218.771,299.675,42.2442,194.644,406.422,-16.1608,246.773,377.724,40.1064,179.738,436.328,149.215,159.791,459.375,182.983,147.11,481.329,218.541,184.055,493.689,214.943,195.717,472.395,175.98,204.265,450.022,145.02,137.131,587.026,255.864,135.943,507.827,246.939,119.918,542.378,264.641,-58.7517,469.459,153.767,-62.4131,480.141,178.138,-17.8007,475.592,181.694,-19.7607,466.334,155.828
90.1436,180.055,72.1474,126.951,165.657,17.023,171.509,313.864,70.5929,121.416,246.339,62.0341,168.413,222.239,28.0822,218.783,299.58,42.1808,194.69,406.42,-16.0969,246.771,377.628,40.0922,179.755,436.212,149.218,159.816,459.254,182.991,147.146,481.204,218.554,184.089,493.56,214.957,195.743,472.268,175.991,204.283,449.898,145.029,137.184,586.894,255.899,135.99,507.698,246.955,119.974,542.24,264.661,-58.6699,469.361,153.718,-62.3473,479.994,178.124,-17.726,475.462,181.668,-19.6878,466.21,155.807
90.1679,179.931,72.0693,126.957,165.563,16.925,171.536,313.743,70.5721,121.441,246.221,61.9779,168.419,222.149,27.9896,218.789,299.488,42.1187,194.733,406.42,-16.0308,246.766,377.533,40.0788,179.77,436.097,149.222,159.842,459.135,183.001,147.182,481.082,218.569,184.124,493.432,214.971,195.768,472.144,176.002,204.301,449.776,145.039,137.237,586.767,255.933,136.038,507.572,246.97,120.03,542.105,264.681,-58.5874,469.265,153.669,-62.2809,479.849,178.112,-17.6505,475.336,181.644,-19.6142,466.089,155.787
90.1813,179.813,71.989,126.955,165.473,16.8271,171.556,313.627,70.5502,121.457,246.109,61.9196,168.418,222.062,27.8984,218.79,299.397,42.0579,194.774,406.422,-15.9622,246.759,377.439,40.0658,179.785,435.984,149.227,159.867,459.018,183.011,147.218,480.962,218.584,184.158,493.307,214.985,195.794,472.021,176.014,204.318,449.654,145.049,137.291,586.642,255.967,136.086,507.45,246.986,120.088,541.975,264.701,-58.5042,469.174,153.621,-62.2141,479.708,178.101,-17.5744,475.212,181.62,-19.5398,465.97,155.768
90.1832,179.702,71.9061,126.945,165.387,16.7289,171.567,313.515,70.5271,121.465,246.002,61.8587,168.41,221.978,27.8088,218.785,299.308,41.9984,194.813,406.426,-15.891,246.748,377.346,40.0534,179.799,435.872,149.231,159.893,458.903,183.022,147.255,480.845,218.599,184.193,493.185,214.999,195.82,471.899,176.026,204.335,449.533,145.06,137.347,586.522,256,136.136,507.331,247.002,120.146,541.848,264.721,-58.4204,469.085,153.574,-62.1468,479.57,178.091,-17.4977,475.091,181.597,-19.4648,465.854,155.75
90.1735,179.598,71.8201,126.927,165.306,16.6307,171.569,313.408,70.5025,121.463,245.901,61.795,168.395,221.897,27.7208,218.774,299.221,41.9403,194.85,406.433,-15.8168,246.735,377.253,40.0413,179.813,435.762,149.236,159.919,458.79,183.033,147.292,480.731,218.615,184.229,493.064,215.014,195.845,471.78,176.038,204.352,449.414,145.071,137.403,586.404,256.033,136.186,507.216,247.018,120.206,541.725,264.741,-58.3361,469,153.527,-62.0792,479.435,178.082,-17.4204,474.974,181.575,-19.3892,465.741,155.733
90.1519,179.502,71.731,126.901,165.229,16.5324,171.563,313.306,70.4762,121.452,245.805,61.7283,168.373,221.82,27.6345,218.757,299.136,41.8837,194.884,406.442,-15.7395,246.719,377.161,40.0296,179.826,435.653,149.241,159.945,458.679,183.044,147.33,480.619,218.631,184.265,492.947,215.028,195.871,471.662,176.051,204.368,449.295,145.083,137.46,586.291,256.065,136.237,507.104,247.034,120.266,541.606,264.76,-58.2514,468.919,153.482,-62.0112,479.303,178.074,-17.3426,474.86,181.554,-19.313,465.631,155.717
90.1185,179.412,71.6386,126.867,165.156,16.4342,171.548,313.209,70.4481,121.432,245.715,61.6583,168.345,221.746,27.55,218.734,299.052,41.8287,194.916,406.455,-15.6587,246.7,377.07,40.0182,179.838,435.545,149.246,159.972,458.57,183.056,147.368,480.511,218.648,184.301,492.831,215.042,195.897,471.545,176.063,204.383,449.178,145.094,137.519,586.18,256.095,136.289,506.996,247.05,120.327,541.491,264.779,-58.1664,468.841,153.437,-61.9429,479.175,178.067,-17.2644,474.749,181.534,-19.2364,465.525,155.701
90.0737,179.329,71.5427,126.827,165.087,16.3362,171.524,313.117,70.418,121.404,245.63,61.585,168.311,221.675,27.4674,218.706,298.971,41.7753,194.946,406.47,-15.5742,246.679,376.98,40.007,179.849,435.439,149.251,159.999,458.463,183.067,147.406,480.405,218.664,184.338,492.718,215.057,195.923,471.431,176.076,204.399,449.062,145.106,137.578,586.074,256.125,136.342,506.891,247.066,120.389,541.379,264.798,-58.0811,468.767,153.394,-61.8743,479.05,178.062,-17.1859,474.641,181.515,-19.1594,465.421,155.687
90.0178,179.252,71.4435,126.781,165.021,16.2388,171.492,313.029,70.3861,121.366,245.551,61.5084,168.272,221.607,27.387,218.673,298.892,41.7237,194.974,406.488,-15.4857,246.655,376.891,39.9962,179.861,435.335,149.256,160.026,458.358,183.078,147.445,480.302,218.681,184.375,492.608,215.071,195.949,471.319,176.089,204.414,448.948,145.117,137.639,585.97,256.154,136.395,506.79,247.081,120.452,541.272,264.817,-57.9956,468.696,153.351,-61.8055,478.929,178.058,-17.107,474.537,181.497,-19.082,465.32,155.673
89.9515,179.181,71.341,126.73,164.958,16.1421,171.452,312.947,70.3521,121.321,245.476,61.4285,168.227,221.542,27.3088,218.634,298.814,41.674,195,406.51,-15.3928,246.63,376.803,39.9855,179.871,435.233,149.26,160.053,458.255,183.09,147.485,480.202,218.697,184.412,492.5,215.084,195.976,471.208,176.101,204.429,448.835,145.128,137.7,585.87,256.182,136.449,506.692,247.097,120.515,541.168,264.834,-57.91,468.628,153.31,-61.7365,478.811,178.054,-17.0278,474.436,181.479,-19.0044,465.223,155.661
89.8756,179.116,71.2355,126.675,164.898,16.0467,171.405,312.869,70.3163,121.269,245.407,61.3455,168.179,221.481,27.2332,218.592,298.739,41.6264,195.026,406.535,-15.2955,246.603,376.717,39.975,179.882,435.132,149.264,160.081,458.155,183.101,147.524,480.105,218.713,184.45,492.395,215.097,196.002,471.1,176.113,204.444,448.724,145.139,137.762,585.774,256.209,136.504,506.598,247.112,120.579,541.068,264.852,-57.8243,468.564,153.27,-61.6674,478.697,178.052,-16.9485,474.339,181.462,-18.9266,465.129,155.648
89.7913,179.056,71.1273,126.616,164.841,15.9528,171.351,312.796,70.2787,121.209,245.341,61.2595,168.127,221.421,27.1604,218.545,298.666,41.581,195.05,406.563,-15.1933,246.575,376.631,39.9648,179.892,435.033,149.267,160.109,458.057,183.111,147.565,480.011,218.73,184.488,492.293,215.11,196.03,470.994,176.125,204.459,448.614,145.15,137.825,585.682,256.235,136.559,506.507,247.126,120.644,540.972,264.869,-57.7388,468.503,153.23,-61.5981,478.587,178.05,-16.869,474.245,181.446,-18.8486,465.039,155.637
89.6995,179,71.0168,126.556,164.785,15.8609,171.29,312.728,70.2395,121.145,245.28,61.171,168.074,221.365,27.0906,218.496,298.595,41.5379,195.074,406.596,-15.0862,246.546,376.547,39.9548,179.903,434.936,149.269,160.139,457.961,183.122,147.605,479.92,218.746,184.527,492.193,215.122,196.057,470.89,176.136,204.475,448.507,145.161,137.889,585.592,256.259,136.615,506.42,247.14,120.71,540.88,264.885,-57.6533,468.446,153.192,-61.5288,478.481,178.049,-16.7894,474.155,181.43,-18.7705,464.951,155.626
89.6018,178.949,70.9045,126.496,164.731,15.7716,171.224,312.663,70.1988,121.075,245.223,61.0801,168.019,221.31,27.024,218.444,298.527,41.4973,195.098,406.631,-14.974,246.517,376.465,39.9449,179.913,434.842,149.271,160.168,457.868,183.131,147.647,479.832,218.761,184.566,492.097,215.133,196.086,470.789,176.147,204.491,448.401,145.17,137.954,585.507,256.283,136.671,506.336,247.154,120.776,540.791,264.901,-57.568,468.392,153.155,-61.4594,478.379,178.049,-16.7098,474.069,181.415,-18.6925,464.868,155.616
89.4995,178.901,70.7908,126.437,164.679,15.6853,171.153,312.603,70.1568,121.002,245.169,60.9874,167.963,221.258,26.9609,218.391,298.46,41.4592,195.122,406.671,-14.8567,246.488,376.385,39.9352,179.925,434.75,149.272,160.199,457.778,183.141,147.689,479.747,218.776,184.605,492.003,215.144,196.115,470.691,176.157,204.507,448.298,145.18,138.019,585.425,256.305,136.728,506.256,247.167,120.843,540.707,264.916,-57.483,468.341,153.119,-61.39,478.281,178.05,-16.6302,473.986,181.4,-18.6144,464.788,155.607
89.3941,178.856,70.6765,126.379,164.627,15.6027,171.079,312.546,70.1138,120.927,245.118,60.8933,167.909,221.208,26.9016,218.337,298.396,41.4239,195.147,406.713,-14.7341,246.46,376.306,39.9258,179.936,434.66,149.273,160.231,457.69,183.149,147.731,479.665,218.791,184.645,491.913,215.154,196.145,470.595,176.167,204.525,448.197,145.189,138.086,585.346,256.325,136.786,506.179,247.179,120.91,540.627,264.93,-57.3984,468.294,153.084,-61.3207,478.187,178.051,-16.5507,473.908,181.386,-18.5364,464.711,155.598
89.2873,178.813,70.5621,126.326,164.575,15.5242,171.003,312.493,70.07,120.85,245.07,60.7983,167.857,221.159,26.8463,218.283,298.335,41.3915,195.173,406.76,-14.6064,246.433,376.23,39.9164,179.949,434.572,149.272,160.263,457.605,183.157,147.774,479.586,218.805,184.686,491.825,215.164,196.175,470.502,176.177,204.544,448.099,145.197,138.153,585.271,256.345,136.844,506.107,247.191,120.978,540.55,264.944,-57.3142,468.251,153.05,-61.2514,478.097,178.053,-16.4713,473.833,181.373,-18.4586,464.638,155.59
89.1807,178.773,70.4483,126.279,164.523,15.4504,170.925,312.444,70.0257,120.774,245.024,60.7029,167.809,221.112,26.7952,218.231,298.276,41.362,195.2,406.81,-14.4737,246.409,376.155,39.9073,179.963,434.488,149.271,160.297,457.522,183.165,147.818,479.511,218.818,184.727,491.742,215.172,196.207,470.412,176.186,204.564,448.004,145.205,138.22,585.2,256.362,136.903,506.037,247.201,121.046,540.478,264.956,-57.2305,468.21,153.017,-61.1822,478.011,178.056,-16.3921,473.762,181.36,-18.381,464.569,155.582
89.076,178.734,70.3359,126.238,164.471,15.382,170.847,312.397,69.9812,120.699,244.98,60.6077,167.765,221.066,26.7486,218.18,298.22,41.3355,195.229,406.863,-14.3362,246.387,376.084,39.8982,179.978,434.407,149.269,160.332,457.443,183.171,147.862,479.439,218.831,184.769,491.661,215.18,196.24,470.326,176.194,204.585,447.912,145.213,138.288,585.133,256.379,136.962,505.972,247.211,121.115,540.41,264.968,-57.1473,468.173,152.986,-61.1132,477.93,178.059,-16.3132,473.695,181.348,-18.3037,464.503,155.574
88.9749,178.696,70.2256,126.205,164.418,15.3193,170.771,312.354,69.9368,120.627,244.937,60.5133,167.726,221.021,26.7065,218.133,298.166,41.3121,195.26,406.919,-14.1944,246.369,376.014,39.8893,179.995,434.328,149.266,160.369,457.367,183.177,147.907,479.371,218.843,184.812,491.585,215.186,196.274,470.243,176.202,204.608,447.824,145.22,138.357,585.069,256.394,137.022,505.91,247.221,121.184,540.346,264.98,-57.0648,468.139,152.955,-61.0443,477.852,178.062,-16.2346,473.632,181.336,-18.2267,464.442,155.567
88.879,178.659,70.118,126.182,164.364,15.2629,170.697,312.314,69.8928,120.559,244.896,60.4203,167.694,220.978,26.6693,218.089,298.115,41.2919,195.293,406.978,-14.0485,246.354,375.948,39.8804,180.014,434.253,149.262,160.407,457.294,183.183,147.953,479.306,218.854,184.855,491.512,215.192,196.31,470.164,176.209,204.633,447.739,145.226,138.426,585.009,256.407,137.082,505.853,247.229,121.253,540.286,264.99,-56.9829,468.108,152.926,-60.9757,477.78,178.066,-16.1563,473.573,181.324,-18.1501,464.384,155.561
88.7899,178.623,70.0137,126.17,164.308,15.2133,170.626,312.276,69.8495,120.496,244.855,60.329,167.67,220.935,26.6369,218.051,298.067,41.2749,195.33,407.04,-13.8991,246.344,375.885,39.8716,180.034,434.182,149.258,160.446,457.224,183.187,148,479.244,218.865,184.899,491.443,215.197,196.347,470.089,176.216,204.661,447.658,145.232,138.496,584.952,256.419,137.142,505.799,247.236,121.322,540.23,265,-56.9019,468.08,152.898,-60.9073,477.711,178.071,-16.0784,473.517,181.313,-18.074,464.329,155.554
88.7091,178.586,69.9133,126.17,164.252,15.1706,170.561,312.241,69.8071,120.44,244.816,60.2402,167.655,220.894,26.6095,218.018,298.022,41.261,195.369,407.103,-13.7469,246.339,375.825,39.8628,180.057,434.114,149.253,160.487,457.158,183.19,148.047,479.187,218.875,184.944,491.379,215.201,196.386,470.017,176.222,204.69,447.582,145.237,138.565,584.9,256.43,137.203,505.748,247.243,121.391,540.179,265.008,-56.8216,468.056,152.872,-60.8392,477.647,178.075,-16.001,473.466,181.303,-17.9983,464.279,155.549
88.6379,178.55,69.8172,126.184,164.194,15.1353,170.501,312.208,69.7658,120.391,244.777,60.1541,167.65,220.853,26.587,217.992,297.981,41.2503,195.412,407.169,-13.5926,246.339,375.769,39.8539,180.082,434.05,149.247,160.53,457.096,183.193,148.095,479.133,218.884,184.99,491.318,215.203,196.426,469.95,176.227,204.722,447.509,145.241,138.636,584.851,256.439,137.264,505.702,247.248,121.461,540.131,265.016,-56.7423,468.035,152.846,-60.7714,477.587,178.08,-15.9242,473.419,181.293,-17.9232,464.232,155.543
88.5775,178.514,69.7258,126.212,164.134,15.1073,170.449,312.177,69.726,120.351,244.739,60.0712,167.655,220.813,26.5693,217.974,297.942,41.2426,195.458,407.235,-13.4369,246.346,375.716,39.8449,180.11,433.99,149.24,160.574,457.037,183.195,148.144,479.083,218.892,185.036,491.262,215.205,196.468,469.888,176.232,204.757,447.441,145.245,138.706,584.806,256.446,137.326,505.66,247.253,121.531,540.088,265.023,-56.6639,468.017,152.822,-60.704,477.532,178.086,-15.8478,473.376,181.283,-17.8487,464.19,155.538
88.5291,178.478,69.6392,126.254,164.072,15.0868,170.404,312.149,69.6877,120.321,244.702,59.9917,167.671,220.773,26.5564,217.964,297.907,41.2379,195.508,407.303,-13.2808,246.359,375.668,39.8358,180.14,433.934,149.232,160.621,456.982,183.196,148.194,479.037,218.9,185.084,491.21,215.206,196.511,469.83,176.236,204.794,447.378,145.249,138.776,584.765,256.452,137.387,505.621,247.257,121.6,540.049,265.03,-56.5865,468.001,152.798,-60.6371,477.481,178.091,-15.7721,473.337,181.273,-17.7748,464.151,155.533
88.4935,178.442,69.5575,126.313,164.009,15.0736,170.369,312.122,69.651,120.301,244.665,59.9159,167.699,220.735,26.5479,217.963,297.875,41.2359,195.561,407.371,-13.1253,246.379,375.623,39.8265,180.174,433.883,149.224,160.669,456.931,183.197,148.244,478.994,218.906,185.132,491.162,215.206,196.557,469.776,176.239,204.835,447.32,145.252,138.847,584.728,256.457,137.449,505.586,247.259,121.669,540.014,265.035,-56.5101,467.989,152.776,-60.5706,477.435,178.097,-15.6971,473.302,181.264,-17.7016,464.116,155.528
88.4716,178.405,69.4805,126.388,163.944,15.0673,170.343,312.098,69.6161,120.292,244.628,59.8438,167.74,220.697,26.5436,217.971,297.847,41.2366,195.618,407.438,-12.9712,246.406,375.582,39.8169,180.21,433.836,149.215,160.719,456.885,183.196,148.296,478.956,218.912,185.181,491.12,215.205,196.604,469.728,176.242,204.878,447.266,145.254,138.917,584.694,256.46,137.512,505.555,247.261,121.738,539.984,265.04,-56.4349,467.98,152.756,-60.5045,477.393,178.103,-15.6228,473.271,181.256,-17.6292,464.084,155.524
88.4638,178.369,69.408,126.48,163.878,15.0676,170.328,312.075,69.5828,120.295,244.591,59.7754,167.793,220.66,26.5431,217.99,297.822,41.2396,195.678,407.505,-12.8198,246.441,375.546,39.807,180.25,433.793,149.206,160.772,456.842,183.195,148.348,478.922,218.917,185.23,491.081,215.203,196.654,469.684,176.244,204.924,447.218,145.257,138.988,584.665,256.462,137.574,505.529,247.262,121.807,539.957,265.043,-56.3609,467.974,152.736,-60.439,477.356,178.109,-15.5493,473.244,181.247,-17.5576,464.057,155.519
88.4705,178.332,69.3394,126.588,163.811,15.0739,170.324,312.054,69.5513,120.31,244.555,59.7106,167.859,220.623,26.5459,218.018,297.801,41.2447,195.741,407.571,-12.6719,246.483,375.514,39.7966,180.292,433.756,149.196,160.826,456.803,183.193,148.401,478.891,218.92,185.281,491.048,215.2,196.705,469.646,176.245,204.974,447.176,145.258,139.058,584.639,256.462,137.636,505.506,247.262,121.876,539.935,265.046,-56.2881,467.971,152.717,-60.3741,477.322,178.115,-15.4765,473.222,181.24,-17.4869,464.033,155.515
88.4918,178.296,69.2742,126.714,163.742,15.0855,170.332,312.035,69.5212,120.337,244.519,59.6491,167.937,220.588,26.5514,218.057,297.783,41.2515,195.808,407.635,-12.5286,246.533,375.487,39.7857,180.338,433.723,149.185,160.881,456.769,183.19,148.455,478.865,218.923,185.332,491.02,215.197,196.758,469.613,176.246,205.026,447.139,145.259,139.128,584.617,256.461,137.698,505.487,247.261,121.944,539.917,265.049,-56.2166,467.97,152.7,-60.3098,477.294,178.121,-15.4047,473.203,181.232,-17.417,464.014,155.511
88.5279,178.259,69.2116,126.856,163.673,15.1014,170.351,312.017,69.4924,120.377,244.484,59.5905,168.029,220.553,26.5591,218.107,297.768,41.2597,195.877,407.696,-12.3908,246.591,375.464,39.7743,180.387,433.695,149.174,160.939,456.739,183.186,148.509,478.843,218.926,185.384,490.996,215.192,196.813,469.585,176.247,205.082,447.107,145.26,139.197,584.599,256.458,137.761,505.472,247.259,122.012,539.903,265.05,-56.1464,467.973,152.683,-60.2461,477.269,178.127,-15.3337,473.188,181.225,-17.3481,463.998,155.507
88.5784,178.223,69.1507,127.014,163.602,15.1207,170.382,312.001,69.4648,120.428,244.449,59.5345,168.133,220.52,26.5682,218.167,297.757,41.2689,195.949,407.756,-12.2594,246.656,375.446,39.7622,180.439,433.672,149.162,160.999,456.714,183.182,148.564,478.825,218.927,185.437,490.977,215.186,196.869,469.562,176.247,205.141,447.081,145.26,139.266,584.585,256.454,137.823,505.46,247.257,122.079,539.893,265.051,-56.0775,467.978,152.668,-60.1831,477.249,178.133,-15.2637,473.177,181.218,-17.2802,463.986,155.504
88.6431,178.187,69.0904,127.188,163.532,15.1423,170.425,311.986,69.4379,120.492,244.414,59.4804,168.25,220.488,26.5779,218.238,297.75,41.2786,196.023,407.812,-12.1352,246.729,375.433,39.7493,180.495,433.654,149.15,161.06,456.693,183.177,148.62,478.811,218.928,185.491,490.963,215.18,196.927,469.545,176.246,205.202,447.061,145.26,139.335,584.575,256.449,137.885,505.453,247.253,122.145,539.888,265.051,-56.0101,467.986,152.654,-60.1209,477.233,178.139,-15.1947,473.17,181.211,-17.2133,463.977,155.5
88.7214,178.152,69.0297,127.377,163.461,15.1651,170.479,311.972,69.4114,120.567,244.38,59.4277,168.378,220.457,26.5876,218.32,297.745,41.2884,196.099,407.866,-12.019,246.809,375.424,39.7356,180.553,433.642,149.138,161.122,456.676,183.171,148.676,478.802,218.927,185.545,490.954,215.173,196.987,469.533,176.245,205.267,447.046,145.26,139.403,584.568,256.443,137.946,505.449,247.249,122.211,539.886,265.051,-55.9441,467.997,152.64,-60.0594,477.222,178.145,-15.1268,473.166,181.204,-17.1475,463.972,155.497
88.8125,178.117,68.9674,127.58,163.39,15.1878,170.545,311.959,69.3849,120.654,244.347,59.3757,168.518,220.427,26.5964,218.411,297.744,41.2978,196.177,407.916,-11.9114,246.896,375.42,39.7209,180.614,433.634,149.125,161.186,456.664,183.165,148.733,478.796,218.926,185.599,490.95,215.165,197.048,469.526,176.243,205.334,447.037,145.259,139.47,584.566,256.435,138.008,505.45,247.244,122.276,539.889,265.049,-55.8796,468.01,152.628,-59.9987,477.215,178.15,-15.0599,473.167,181.198,-17.0828,463.971,155.494
88.9156,178.084,68.9024,127.796,163.32,15.2092,170.622,311.948,69.3581,120.75,244.315,59.3238,168.668,220.399,26.6034,218.511,297.746,41.3064,196.256,407.963,-11.813,246.989,375.42,39.7052,180.677,433.631,149.112,161.252,456.656,183.158,148.79,478.794,218.924,185.654,490.95,215.156,197.111,469.524,176.24,205.403,447.034,145.257,139.537,584.567,256.427,138.069,505.454,247.238,122.341,539.895,265.048,-55.8167,468.026,152.616,-59.9389,477.211,178.156,-14.9942,473.171,181.192,-17.0193,463.973,155.49
89.0298,178.051,68.8335,128.024,163.251,15.2281,170.708,311.937,69.3304,120.857,244.284,59.2711,168.827,220.373,26.6079,218.62,297.75,41.3136,196.336,408.006,-11.7241,247.088,375.425,39.6883,180.743,433.633,149.098,161.318,456.653,183.151,148.847,478.797,218.922,185.71,490.955,215.147,197.174,469.528,176.237,205.475,447.036,145.255,139.602,584.571,256.417,138.13,505.461,247.231,122.404,539.905,265.045,-55.7553,468.044,152.606,-59.88,477.212,178.161,-14.9297,473.179,181.187,-16.957,463.979,155.487
89.1538,178.019,68.7595,128.262,163.184,15.2433,170.805,311.928,69.3014,120.972,244.254,59.2171,168.995,220.348,26.6091,218.738,297.757,41.319,196.416,408.046,-11.645,247.193,375.434,39.6703,180.811,433.64,149.084,161.386,456.654,183.143,148.905,478.803,218.918,185.765,490.965,215.137,197.239,469.536,176.234,205.548,447.044,145.253,139.667,584.58,256.406,138.19,505.472,247.224,122.466,539.919,265.042,-55.6955,468.065,152.596,-59.822,477.217,178.166,-14.8663,473.19,181.181,-16.8959,463.988,155.484
89.2865,177.989,68.6793,128.509,163.118,15.2537,170.91,311.919,69.2708,121.095,244.225,59.161,169.17,220.325,26.6063,218.863,297.767,41.3222,196.496,408.082,-11.5761,247.302,375.448,39.6511,180.881,433.652,149.07,161.454,456.66,183.134,148.962,478.813,218.914,185.821,490.98,215.126,197.305,469.55,176.23,205.624,447.057,145.25,139.731,584.591,256.395,138.249,505.487,247.217,122.528,539.937,265.039,-55.6374,468.088,152.588,-59.7649,477.225,178.171,-14.8043,473.206,181.176,-16.8361,464.001,155.481
89.4264,177.96,68.5921,128.764,163.054,15.2583,171.023,311.911,69.238,121.225,244.197,59.1022,169.352,220.304,26.5987,218.994,297.78,41.3227,196.576,408.115,-11.5174,247.415,375.465,39.6306,180.953,433.668,149.056,161.523,456.67,183.125,149.02,478.828,218.91,185.876,490.998,215.115,197.371,469.568,176.226,205.701,447.075,145.247,139.794,584.607,256.383,138.308,505.505,247.208,122.588,539.959,265.035,-55.5809,468.113,152.58,-59.7089,477.238,178.176,-14.7435,473.224,181.171,-16.7776,464.017,155.478
89.5721,177.934,68.4968,129.023,162.993,15.2562,171.142,311.905,69.2027,121.36,244.172,59.04,169.538,220.285,26.5857,219.131,297.794,41.3202,196.655,408.145,-11.4689,247.532,375.486,39.6087,181.026,433.689,149.041,161.592,456.684,183.115,149.078,478.846,218.904,185.932,491.021,215.103,197.437,469.591,176.221,205.778,447.098,145.243,139.855,584.626,256.369,138.366,505.527,247.199,122.647,539.984,265.031,-55.5261,468.141,152.573,-59.654,477.254,178.18,-14.6841,473.246,181.166,-16.7205,464.036,155.475
89.722,177.909,68.3927,129.287,162.934,15.2465,171.268,311.899,69.1645,121.499,244.148,58.974,169.728,220.268,26.5669,219.273,297.811,41.3145,196.733,408.172,-11.4304,247.651,375.511,39.5856,181.1,433.714,149.027,161.661,456.702,183.105,149.135,478.867,218.898,185.987,491.049,215.091,197.504,469.619,176.215,205.857,447.126,145.239,139.916,584.648,256.355,138.423,505.552,247.19,122.704,540.012,265.026,-55.473,468.171,152.566,-59.6001,477.274,178.184,-14.6261,473.271,181.162,-16.6648,464.059,155.472
89.8745,177.887,68.2792,129.553,162.879,15.2288,171.398,311.894,69.1231,121.641,244.126,58.9036,169.921,220.253,26.5418,219.418,297.829,41.3051,196.809,408.196,-11.4017,247.773,375.539,39.5612,181.174,433.744,149.012,161.73,456.724,183.095,149.192,478.892,218.892,186.042,491.08,215.079,197.571,469.651,176.209,205.936,447.158,145.234,139.975,584.673,256.341,138.479,505.58,247.18,122.761,540.044,265.021,-55.4217,468.204,152.561,-59.5473,477.297,178.188,-14.5695,473.299,181.157,-16.6104,464.085,155.47
90.0279,177.868,68.1558,129.818,162.827,15.2025,171.532,311.891,69.0783,121.785,244.106,58.8285,170.114,220.241,26.51,219.566,297.85,41.292,196.883,408.218,-11.3826,247.895,375.57,39.5356,181.249,433.778,148.997,161.799,456.75,183.084,149.248,478.921,218.884,186.097,491.115,215.066,197.637,469.687,176.203,206.015,447.195,145.229,140.032,584.702,256.326,138.534,505.611,247.17,122.816,540.079,265.016,-55.3722,468.238,152.556,-59.4957,477.324,178.191,-14.5144,473.331,181.153,-16.5576,464.113,155.467
90.1806,177.852,68.0222,130.082,162.78,15.1674,171.668,311.889,69.0298,121.929,244.089,58.7483,170.308,220.231,26.4714,219.715,297.871,41.275,196.955,408.238,-11.3726,248.018,375.604,39.5088,181.324,433.816,148.981,161.867,456.779,183.073,149.304,478.953,218.877,186.151,491.154,215.052,197.703,469.727,176.196,206.094,447.237,145.223,140.088,584.733,256.31,138.588,505.646,247.16,122.87,540.117,265.01,-55.3244,468.275,152.551,-59.4453,477.354,178.194,-14.4608,473.365,181.149,-16.5062,464.145,155.464
90.3308,177.839,67.8783,130.341,162.736,15.1233,171.805,311.887,68.9775,122.072,244.075,58.6628,170.499,220.223,26.4259,219.865,297.894,41.2541,197.024,408.255,-11.3712,248.139,375.641,39.4809,181.399,433.857,148.966,161.935,456.813,183.061,149.358,478.988,218.869,186.204,491.196,215.039,197.768,469.77,176.188,206.173,447.282,145.217,140.143,584.768,256.294,138.641,505.683,247.149,122.922,540.158,265.004,-55.2785,468.313,152.548,-59.3961,477.388,178.197,-14.4087,473.403,181.145,-16.4563,464.179,155.461
90.4769,177.83,67.724,130.595,162.696,15.0703,171.942,311.887,68.9212,122.212,244.063,58.5719,170.687,220.218,26.3735,220.013,297.917,41.2293,197.091,408.271,-11.3778,248.26,375.68,39.4521,181.473,433.902,148.951,162.001,456.85,183.05,149.412,479.027,218.86,186.256,491.241,215.025,197.833,469.817,176.181,206.25,447.33,145.21,140.196,584.805,256.278,138.693,505.723,247.139,122.972,540.202,264.998,-55.2343,468.353,152.544,-59.3482,477.424,178.199,-14.3581,473.443,181.141,-16.4079,464.216,155.459
90.6171,177.824,67.5596,130.842,162.662,15.0087,172.077,311.889,68.861,122.349,244.054,58.4755,170.87,220.215,26.3143,220.159,297.941,41.2007,197.154,408.286,-11.3918,248.379,375.721,39.4226,181.547,433.951,148.935,162.067,456.89,183.038,149.465,479.068,218.851,186.308,491.29,215.011,197.896,469.868,176.173,206.327,447.383,145.203,140.248,584.846,256.261,138.743,505.765,247.128,123.021,540.248,264.992,-55.1921,468.395,152.542,-59.3016,477.464,178.201,-14.3092,473.486,181.137,-16.3612,464.256,155.456
90.75,177.823,67.3853,131.079,162.631,14.9389,172.21,311.891,68.7969,122.48,244.048,58.3737,171.048,220.214,26.2485,220.303,297.966,41.1684,197.215,408.3,-11.4126,248.494,375.764,39.3925,181.618,434.002,148.92,162.131,456.933,183.026,149.517,479.113,218.842,186.358,491.341,214.997,197.958,469.921,176.164,206.402,447.438,145.195,140.298,584.889,256.244,138.792,505.81,247.117,123.069,540.298,264.986,-55.1516,468.439,152.54,-59.2563,477.507,178.203,-14.262,473.532,181.133,-16.316,464.298,155.453
90.8739,177.826,67.2016,131.305,162.606,14.8613,172.339,311.895,68.7289,122.604,244.045,58.2666,171.219,220.216,26.1765,220.442,297.99,41.1327,197.271,408.313,-11.4396,248.606,375.808,39.3621,181.689,434.056,148.905,162.193,456.979,183.014,149.567,479.16,218.833,186.407,491.396,214.983,198.019,469.977,176.156,206.475,447.496,145.187,140.346,584.934,256.227,138.84,505.858,247.105,123.114,540.349,264.979,-55.1131,468.485,152.538,-59.2123,477.552,178.204,-14.2163,473.58,181.13,-16.2724,464.343,155.451
90.9876,177.833,67.0091,131.519,162.585,14.7766,172.464,311.901,68.6571,122.721,244.045,58.1543,171.381,220.219,26.0986,220.576,298.015,41.0939,197.325,408.326,-11.4718,248.713,375.853,39.3315,181.757,434.113,148.89,162.253,457.028,183.002,149.616,479.209,218.823,186.455,491.452,214.969,198.077,470.036,176.147,206.545,447.557,145.178,140.392,584.982,256.21,138.886,505.907,247.094,123.158,540.403,264.973,-55.0764,468.532,152.537,-59.1698,477.6,178.205,-14.1724,473.63,181.126,-16.2305,464.39,155.448
91.0896,177.844,66.8084,131.719,162.569,14.6857,172.582,311.907,68.5817,122.829,244.048,58.0371,171.534,220.224,26.0155,220.703,298.039,41.0523,197.375,408.339,-11.5088,248.816,375.899,39.3011,181.823,434.172,148.875,162.311,457.08,182.989,149.664,479.261,218.814,186.501,491.511,214.956,198.134,470.097,176.138,206.614,447.619,145.169,140.437,585.032,256.193,138.93,505.959,247.083,123.2,540.459,264.966,-55.0416,468.581,152.536,-59.1287,477.651,178.205,-14.1303,473.683,181.123,-16.1902,464.439,155.445
91.1789,177.86,66.6004,131.904,162.557,14.5893,172.694,311.915,68.5028,122.927,244.054,57.9154,171.677,220.231,25.9275,220.824,298.062,41.0083,197.421,408.352,-11.5495,248.912,375.945,39.271,181.887,434.234,148.86,162.368,457.134,182.977,149.71,479.315,218.804,186.546,491.572,214.942,198.189,470.159,176.128,206.679,447.684,145.16,140.479,585.084,256.176,138.973,506.013,247.072,123.24,540.518,264.959,-55.0087,468.631,152.536,-59.089,477.704,178.205,-14.0899,473.738,181.12,-16.1516,464.49,155.443
91.2544,177.88,66.3858,132.073,162.55,14.4883,172.797,311.924,68.4208,123.014,244.062,57.7893,171.808,220.24,25.8355,220.937,298.085,40.9623,197.463,408.365,-11.5934,249.003,375.991,39.2416,181.947,434.297,148.845,162.421,457.191,182.966,149.754,479.372,218.794,186.589,491.635,214.928,198.241,470.224,176.119,206.742,447.751,145.15,140.52,585.138,256.159,139.014,506.069,247.062,123.279,540.578,264.953,-54.9777,468.683,152.536,-59.0507,477.76,178.204,-14.0512,473.794,181.116,-16.1147,464.544,155.44
91.3155,177.904,66.1655,132.226,162.546,14.3838,172.892,311.935,68.3359,123.09,244.074,57.6594,171.928,220.25,25.7399,221.041,298.106,40.9148,197.502,408.38,-11.6396,249.086,376.037,39.2132,182.005,434.362,148.831,162.472,457.249,182.954,149.796,479.43,218.784,186.63,491.7,214.915,198.291,470.29,176.11,206.801,447.819,145.141,140.559,585.194,256.143,139.053,506.126,247.051,123.315,540.639,264.947,-54.9487,468.736,152.536,-59.014,477.818,178.203,-14.0144,473.853,181.113,-16.0796,464.599,155.437
91.3614,177.931,65.9405,132.36,162.547,14.2766,172.977,311.946,68.2484,123.154,244.087,57.526,172.036,220.261,25.6414,221.136,298.125,40.8663,197.538,408.395,-11.6874,249.163,376.082,39.1859,182.059,434.428,148.816,162.521,457.309,182.942,149.837,479.49,218.774,186.669,491.765,214.902,198.339,470.357,176.1,206.857,447.888,145.131,140.596,585.252,256.126,139.091,506.185,247.041,123.35,540.703,264.94,-54.9215,468.79,152.537,-58.9788,477.878,178.202,-13.9794,473.914,181.11,-16.0461,464.656,155.435
91.3918,177.962,65.7115,132.477,162.551,14.1677,173.053,311.959,68.1585,123.205,244.103,57.3896,172.13,220.272,25.5409,221.221,298.143,40.8173,197.57,408.411,-11.736,249.232,376.126,39.1602,182.11,434.495,148.803,162.567,457.371,182.931,149.875,479.551,218.764,186.707,491.832,214.89,198.384,470.425,176.091,206.91,447.958,145.12,140.631,585.312,256.111,139.126,506.245,247.031,123.383,540.767,264.934,-54.8962,468.845,152.537,-58.9451,477.94,178.2,-13.9462,473.976,181.107,-16.0145,464.715,155.432
91.4065,177.996,65.4797,132.576,162.557,14.0581,173.117,311.972,68.0667,123.244,244.121,57.2506,172.212,220.285,25.4387,221.297,298.159,40.7681,197.599,408.429,-11.7847,249.293,376.169,39.1361,182.158,434.564,148.789,162.609,457.434,182.92,149.911,479.614,218.755,186.742,491.9,214.878,198.426,470.494,176.082,206.958,448.028,145.11,140.664,585.372,256.095,139.16,506.307,247.022,123.414,540.833,264.928,-54.8728,468.901,152.538,-58.913,478.003,178.197,-13.9149,474.039,181.104,-15.9845,464.775,155.43
91.4055,178.033,65.2457,132.656,162.567,13.9485,173.171,311.986,67.9732,123.269,244.14,57.1094,172.281,220.297,25.3357,221.362,298.173,40.7192,197.626,408.448,-11.8328,249.346,376.211,39.114,182.201,434.633,148.777,162.649,457.499,182.91,149.945,479.678,218.746,186.775,491.969,214.866,198.465,470.564,176.073,207.003,448.099,145.1,140.695,585.435,256.08,139.192,506.37,247.012,123.443,540.9,264.922,-54.8513,468.958,152.54,-58.8824,478.069,178.195,-13.8855,474.104,181.101,-15.9564,464.836,155.428
91.389,178.072,65.0105,132.719,162.579,13.8397,173.213,312.001,67.8785,123.281,244.161,56.9664,172.337,220.309,25.2324,221.417,298.185,40.6712,197.649,408.469,-11.8797,249.391,376.251,39.094,182.241,434.702,148.764,162.686,457.565,182.9,149.977,479.744,218.737,186.806,492.038,214.855,198.501,470.634,176.064,207.044,448.169,145.09,140.723,585.498,256.066,139.221,506.433,247.004,123.469,540.968,264.917,-54.8317,469.017,152.541,-58.8534,478.136,178.192,-13.858,474.17,181.098,-15.93,464.899,155.425
91.3574,178.113,64.7747,132.764,162.592,13.7325,173.244,312.016,67.7828,123.281,244.182,56.8221,172.38,220.322,25.1294,221.461,298.194,40.6242,197.671,408.492,-11.9248,249.427,376.289,39.0764,182.276,434.772,148.753,162.719,457.631,182.891,150.006,479.81,218.728,186.835,492.108,214.845,198.534,470.703,176.056,207.081,448.24,145.081,140.75,585.562,256.052,139.249,506.498,246.996,123.494,541.036,264.911,-54.814,469.075,152.543,-58.8261,478.204,178.188,-13.8323,474.238,181.095,-15.9054,464.963,155.423
91.3112,178.156,64.5391,132.793,162.607,13.6273,173.264,312.031,67.6865,123.268,244.204,56.6768,172.41,220.333,25.0271,221.496,298.2,40.5787,197.691,408.517,-11.9676,249.456,376.325,39.0612,182.308,434.841,148.741,162.749,457.698,182.882,150.033,479.877,218.72,186.862,492.178,214.835,198.564,470.773,176.048,207.113,448.31,145.071,140.775,585.628,256.039,139.274,506.563,246.988,123.517,541.105,264.906,-54.7981,469.135,152.544,-58.8003,478.274,178.184,-13.8086,474.306,181.092,-15.8826,465.028,155.421
91.2514,178.199,64.3043,132.805,162.622,13.5248,173.272,312.046,67.59,123.242,244.227,56.531,172.429,220.344,24.9259,221.52,298.204,40.5351,197.709,408.543,-12.0075,249.477,376.359,39.0486,182.335,434.911,148.731,162.776,457.766,182.873,150.058,479.944,218.712,186.886,492.248,214.826,198.591,470.842,176.041,207.142,448.379,145.062,140.797,585.693,256.026,139.298,506.629,246.981,123.538,541.175,264.902,-54.7842,469.195,152.546,-58.7762,478.345,178.18,-13.7868,474.375,181.089,-15.8616,465.093,155.418
91.1786,178.242,64.0708,132.803,162.638,13.4251,173.269,312.061,67.4936,123.205,244.249,56.385,172.436,220.354,24.8263,221.535,298.206,40.4934,197.725,408.572,-12.0444,249.49,376.391,39.0387,182.359,434.98,148.721,162.8,457.834,182.866,150.08,480.012,218.705,186.908,492.318,214.818,198.615,470.911,176.035,207.166,448.448,145.053,140.818,585.76,256.014,139.319,506.695,246.975,123.557,541.245,264.897,-54.772,469.256,152.548,-58.7537,478.418,178.175,-13.7669,474.445,181.086,-15.8423,465.16,155.416
91.0941,178.286,63.8391,132.787,162.654,13.3286,173.255,312.075,67.3975,123.158,244.271,56.2391,172.432,220.363,24.7284,221.54,298.205,40.4539,197.741,408.602,-12.0779,249.496,376.421,39.0315,182.378,435.049,148.712,162.82,457.902,182.859,150.1,480.08,218.699,186.928,492.387,214.811,198.636,470.979,176.029,207.187,448.515,145.045,140.836,585.827,256.003,139.338,506.762,246.969,123.575,541.315,264.893,-54.7617,469.317,152.55,-58.7329,478.491,178.17,-13.7489,474.515,181.084,-15.8249,465.227,155.414
90.999,178.33,63.6096,132.758,162.669,13.2355,173.232,312.09,67.3022,123.1,244.292,56.0937,172.419,220.371,24.6326,221.537,298.201,40.4167,197.757,408.634,-12.1079,249.495,376.449,39.0269,182.394,435.117,148.704,162.838,457.971,182.852,150.118,480.149,218.692,186.946,492.456,214.805,198.654,471.046,176.024,207.204,448.582,145.038,140.852,585.894,255.993,139.356,506.828,246.964,123.59,541.384,264.889,-54.7533,469.379,152.553,-58.7137,478.565,178.164,-13.7329,474.586,181.081,-15.8093,465.295,155.412
90.8944,178.373,63.3825,132.718,162.684,13.1456,173.199,312.103,67.2078,123.033,244.313,55.9489,172.397,220.378,24.539,221.526,298.195,40.3819,197.772,408.668,-12.1343,249.487,376.474,39.025,182.405,435.185,148.696,162.852,458.039,182.847,150.133,480.217,218.687,186.961,492.525,214.799,198.669,471.112,176.019,207.217,448.647,145.031,140.867,585.961,255.984,139.371,506.895,246.959,123.603,541.454,264.886,-54.7466,469.441,152.555,-58.6962,478.639,178.159,-13.7187,474.657,181.079,-15.7954,465.363,155.41
90.7817,178.416,63.1581,132.668,162.697,13.0591,173.157,312.116,67.1147,122.958,244.332,55.8052,172.366,220.383,24.4477,221.508,298.187,40.3496,197.787,408.703,-12.1572,249.474,376.497,39.0257,182.414,435.251,148.69,162.864,458.107,182.842,150.146,480.285,218.682,186.974,492.592,214.795,198.681,471.178,176.016,207.226,448.711,145.024,140.879,586.029,255.975,139.383,506.961,246.955,123.615,541.523,264.883,-54.7417,469.503,152.557,-58.6804,478.714,178.152,-13.7064,474.728,181.076,-15.7833,465.432,155.408
90.6622,178.458,62.9365,132.611,162.709,12.9757,173.108,312.129,67.0231,122.876,244.351,55.6627,172.329,220.388,24.3588,221.483,298.176,40.3196,197.803,408.739,-12.1767,249.456,376.519,39.0289,182.418,435.317,148.684,162.872,458.174,182.838,150.156,480.353,218.678,186.984,492.659,214.791,198.691,471.242,176.013,207.232,448.774,145.019,140.889,586.096,255.968,139.394,507.028,246.952,123.624,541.592,264.88,-54.7386,469.565,152.559,-58.6662,478.79,178.146,-13.696,474.799,181.074,-15.773,465.5,155.406
90.5372,178.499,62.7178,132.546,162.72,12.8952,173.052,312.141,66.9332,122.788,244.369,55.5216,172.286,220.391,24.2722,221.453,298.164,40.292,197.82,408.777,-12.1931,249.433,376.538,39.0344,182.42,435.382,148.679,162.878,458.241,182.835,150.164,480.421,218.675,186.993,492.725,214.789,198.697,471.305,176.011,207.234,448.835,145.014,140.897,586.163,255.961,139.403,507.094,246.95,123.632,541.661,264.877,-54.7372,469.627,152.562,-58.6537,478.866,178.139,-13.6875,474.87,181.072,-15.7645,465.569,155.405
90.408,178.54,62.5022,132.476,162.729,12.8175,172.99,312.152,66.8454,122.696,244.386,55.3823,172.237,220.394,24.188,221.418,298.151,40.2667,197.837,408.815,-12.2067,249.406,376.556,39.042,182.418,435.446,148.675,162.881,458.308,182.832,150.17,480.488,218.672,186.999,492.79,214.787,198.702,471.366,176.011,207.234,448.895,145.011,140.903,586.23,255.955,139.41,507.159,246.949,123.638,541.728,264.875,-54.7375,469.689,152.564,-58.6428,478.942,178.132,-13.6809,474.941,181.07,-15.7576,465.637,155.403
90.276,178.581,62.2896,132.403,162.736,12.7422,172.924,312.164,66.7597,122.599,244.402,55.2447,172.185,220.396,24.1063,221.379,298.136,40.2434,197.857,408.853,-12.218,249.377,376.573,39.0516,182.414,435.509,148.672,162.881,458.374,182.831,150.173,480.555,218.67,187.003,492.854,214.787,198.704,471.427,176.011,207.231,448.953,145.008,140.907,586.296,255.951,139.414,507.224,246.948,123.642,541.795,264.873,-54.7396,469.751,152.567,-58.6336,479.018,178.125,-13.676,475.012,181.068,-15.7526,465.706,155.402
90.1423,178.622,62.0801,132.327,162.742,12.6692,172.854,312.175,66.6763,122.501,244.418,55.1093,172.13,220.398,24.0268,221.338,298.121,40.2222,197.877,408.891,-12.2276,249.345,376.588,39.063,182.407,435.57,148.67,162.879,458.439,182.83,150.174,480.62,218.669,187.005,492.917,214.788,198.703,471.486,176.013,207.226,449.011,145.006,140.909,586.362,255.947,139.417,507.288,246.948,123.645,541.86,264.872,-54.7433,469.812,152.569,-58.626,479.095,178.118,-13.673,475.082,181.067,-15.7492,465.774,155.4
90.0082,178.664,61.8738,132.25,162.746,12.5982,172.781,312.186,66.5956,122.4,244.434,54.9762,172.073,220.399,23.9498,221.294,298.105,40.2028,197.9,408.929,-12.2359,249.312,376.602,39.076,182.398,435.631,148.669,162.875,458.504,182.83,150.173,480.685,218.669,187.005,492.979,214.79,198.701,471.544,176.016,207.218,449.066,145.006,140.91,586.427,255.944,139.418,507.352,246.949,123.645,541.925,264.871,-54.7487,469.873,152.572,-58.6201,479.171,178.11,-13.6718,475.151,181.065,-15.7475,465.842,155.399
89.8748,178.707,61.6707,132.174,162.749,12.5291,172.707,312.197,66.5176,122.3,244.45,54.8455,172.015,220.401,23.8751,221.249,298.089,40.1851,197.925,408.965,-12.2438,249.278,376.616,39.0902,182.387,435.691,148.669,162.868,458.567,182.831,150.17,480.749,218.669,187.003,493.04,214.793,198.697,471.601,176.02,207.209,449.121,145.006,140.908,586.491,255.942,139.416,507.414,246.951,123.644,541.988,264.87,-54.7557,469.934,152.574,-58.6157,479.246,178.102,-13.6723,475.22,181.064,-15.7475,465.909,155.398
89.7431,178.751,61.471,132.099,162.751,12.4618,172.633,312.209,66.4425,122.2,244.467,54.7176,171.957,220.403,23.8027,221.204,298.073,40.169,197.951,409,-12.2518,249.244,376.629,39.1055,182.375,435.749,148.67,162.86,458.63,182.833,150.165,480.813,218.671,186.999,493.099,214.797,198.691,471.656,176.025,207.198,449.174,145.008,140.904,586.554,255.941,139.413,507.476,246.953,123.642,542.05,264.87,-54.7642,469.994,152.577,-58.6131,479.322,178.094,-13.6745,475.288,181.062,-15.7492,465.976,155.397
89.6139,178.798,61.2747,132.026,162.753,12.3963,172.56,312.222,66.3705,122.102,244.485,54.5926,171.9,220.406,23.7329,221.16,298.058,40.1543,197.981,409.033,-12.2606,249.211,376.642,39.1216,182.361,435.807,148.672,162.85,458.692,182.835,150.158,480.875,218.673,186.993,493.157,214.802,198.683,471.71,176.031,207.185,449.227,145.01,140.899,586.617,255.941,139.408,507.536,246.956,123.638,542.111,264.87,-54.7744,470.054,152.579,-58.612,479.396,178.086,-13.6784,475.355,181.061,-15.7525,466.041,155.396
89.4881,178.848,61.0822,131.957,162.754,12.3327,172.488,312.236,66.3018,122.006,244.504,54.4709,171.844,220.41,23.6655,221.116,298.045,40.1409,198.012,409.064,-12.271,249.18,376.655,39.1384,182.346,435.864,148.675,162.838,458.752,182.839,150.15,480.936,218.676,186.986,493.214,214.808,198.674,471.764,176.039,207.172,449.278,145.014,140.892,586.678,255.942,139.401,507.596,246.96,123.632,542.17,264.87,-54.7861,470.113,152.582,-58.6125,479.47,178.078,-13.6839,475.421,181.061,-15.7574,466.107,155.395
89.3664,178.902,60.8937,131.891,162.755,12.2711,172.419,312.252,66.2364,121.914,244.525,54.3526,171.79,220.415,23.6009,221.075,298.033,40.1288,198.047,409.091,-12.2835,249.151,376.668,39.1555,182.33,435.919,148.68,162.825,458.812,182.843,150.139,480.995,218.679,186.977,493.27,214.816,198.663,471.815,176.047,207.158,449.328,145.02,140.883,586.738,255.944,139.392,507.654,246.964,123.625,542.228,264.87,-54.7993,470.171,152.585,-58.6146,479.544,178.07,-13.691,475.486,181.06,-15.7638,466.171,155.394
89.2494,178.96,60.7097,131.829,162.756,12.2117,172.354,312.27,66.1746,121.825,244.549,54.2382,171.739,220.422,23.5391,221.037,298.022,40.1179,198.084,409.116,-12.299,249.125,376.682,39.1727,182.314,435.974,148.685,162.811,458.871,182.848,150.127,481.054,218.684,186.966,493.324,214.824,198.652,471.866,176.057,207.143,449.378,145.026,140.872,586.797,255.947,139.382,507.711,246.97,123.617,542.284,264.871,-54.8139,470.229,152.587,-58.6182,479.616,178.061,-13.6997,475.549,181.06,-15.7718,466.234,155.393
89.1375,179.022,60.5306,131.773,162.759,12.155,172.292,312.29,66.1165,121.741,244.575,54.128,171.69,220.431,23.4804,221.001,298.014,40.1082,198.124,409.137,-12.3178,249.103,376.696,39.19,182.298,436.028,148.691,162.795,458.928,182.854,150.113,481.111,218.689,186.954,493.378,214.834,198.639,471.916,176.069,207.128,449.426,145.034,140.859,586.855,255.95,139.37,507.767,246.976,123.607,542.339,264.872,-54.8301,470.285,152.59,-58.6234,479.688,178.053,-13.71,475.612,181.059,-15.7814,466.296,155.393
89.0311,179.091,60.3571,131.721,162.762,12.1014,172.236,312.312,66.0622,121.662,244.604,54.0223,171.645,220.443,23.4252,220.969,298.009,40.0997,198.167,409.154,-12.3407,249.084,376.712,39.207,182.281,436.082,148.699,162.778,458.985,182.861,150.098,481.167,218.695,186.94,493.43,214.844,198.626,471.965,176.081,207.113,449.474,145.042,140.845,586.911,255.955,139.356,507.822,246.982,123.595,542.392,264.873,-54.8476,470.341,152.593,-58.6301,479.759,178.045,-13.7216,475.673,181.059,-15.7924,466.357,155.392
88.9303,179.165,60.1896,131.673,162.767,12.0514,172.184,312.338,66.012,121.588,244.638,53.9216,171.603,220.457,23.3736,220.941,298.007,40.0924,198.213,409.166,-12.3679,249.069,376.728,39.2237,182.264,436.134,148.707,162.761,459.04,182.869,150.081,481.222,218.702,186.926,493.48,214.855,198.611,472.013,176.095,207.098,449.522,145.052,140.83,586.966,255.96,139.341,507.875,246.989,123.583,542.443,264.875,-54.8665,470.396,152.595,-58.6383,479.828,178.037,-13.7347,475.732,181.06,-15.8048,466.417,155.392
88.8353,179.247,60.0291,131.631,162.775,12.0055,172.138,312.367,65.9659,121.519,244.676,53.8264,171.565,220.473,23.3261,220.917,298.007,40.0865,198.262,409.175,-12.4,249.059,376.746,39.2399,182.248,436.186,148.717,162.742,459.095,182.877,150.063,481.276,218.71,186.909,493.53,214.867,198.596,472.06,176.11,207.083,449.568,145.064,140.813,587.02,255.966,139.324,507.927,246.997,123.569,542.493,264.876,-54.8867,470.449,152.598,-58.648,479.896,178.029,-13.7492,475.79,181.06,-15.8187,466.475,155.391
88.7461,179.335,59.8763,131.592,162.784,11.9646,172.098,312.4,65.9241,121.456,244.718,53.737,171.529,220.493,23.2831,220.897,298.011,40.0822,198.313,409.179,-12.4373,249.054,376.766,39.2555,182.232,436.237,148.727,162.723,459.148,182.886,150.043,481.328,218.718,186.892,493.579,214.881,198.581,472.106,176.125,207.068,449.615,145.076,140.794,587.072,255.972,139.306,507.977,247.005,123.554,542.541,264.878,-54.9082,470.501,152.601,-58.6592,479.963,178.021,-13.765,475.846,181.061,-15.8339,466.532,155.391
88.6624,179.431,59.732,131.558,162.797,11.9292,172.064,312.436,65.8868,121.398,244.765,53.654,171.498,220.516,23.2451,220.881,298.019,40.0795,198.368,409.178,-12.4799,249.054,376.786,39.2706,182.216,436.287,148.739,162.704,459.201,182.896,150.023,481.378,218.726,186.873,493.626,214.894,198.565,472.151,176.142,207.054,449.661,145.09,140.774,587.123,255.979,139.286,508.026,247.013,123.537,542.587,264.88,-54.931,470.552,152.604,-58.6717,480.028,178.013,-13.782,475.901,181.062,-15.8505,466.587,155.391
88.5841,179.535,59.5972,131.527,162.812,11.9002,172.036,312.477,65.8542,121.346,244.817,53.5779,171.469,220.543,23.2124,220.869,298.03,40.0787,198.425,409.173,-12.528,249.058,376.809,39.2849,182.201,436.337,148.751,162.684,459.252,182.906,150.001,481.428,218.736,186.853,493.672,214.909,198.548,472.196,176.16,207.041,449.706,145.105,140.753,587.172,255.987,139.265,508.074,247.022,123.52,542.631,264.882,-54.9551,470.602,152.607,-58.6857,480.092,178.005,-13.8003,475.954,181.063,-15.8684,466.641,155.391
88.5107,179.647,59.4728,131.498,162.831,11.8784,172.015,312.522,65.8263,121.299,244.875,53.5092,171.442,220.572,23.1856,220.861,298.045,40.08,198.485,409.163,-12.5816,249.067,376.833,39.2987,182.186,436.386,148.764,162.663,459.302,182.917,149.978,481.476,218.746,186.833,493.717,214.924,198.531,472.24,176.179,207.028,449.751,145.12,140.73,587.22,255.995,139.243,508.12,247.032,123.501,542.674,264.884,-54.9803,470.65,152.61,-58.701,480.154,177.998,-13.8197,476.004,181.064,-15.8875,466.693,155.391
88.4418,179.767,59.3597,131.471,162.854,11.8647,171.999,312.572,65.8033,121.256,244.939,53.4483,171.418,220.605,23.1652,220.857,298.063,40.0837,198.548,409.149,-12.6407,249.081,376.858,39.3118,182.172,436.435,148.779,162.643,459.351,182.928,149.954,481.522,218.756,186.811,493.762,214.94,198.514,472.283,176.199,207.016,449.796,145.137,140.706,587.266,256.003,139.22,508.165,247.041,123.481,542.715,264.886,-55.0066,470.697,152.613,-58.7176,480.214,177.99,-13.8402,476.054,181.066,-15.9079,466.744,155.391
88.3768,179.896,59.2588,131.444,162.88,11.8598,171.988,312.627,65.7853,121.218,245.008,53.3957,171.395,220.642,23.1516,220.856,298.085,40.0899,198.613,409.129,-12.7052,249.1,376.886,39.3243,182.159,436.482,148.794,162.621,459.399,182.94,149.929,481.568,218.767,186.788,493.805,214.957,198.497,472.325,176.22,207.004,449.84,145.155,140.681,587.311,256.012,139.195,508.208,247.051,123.46,542.755,264.888,-55.0341,470.743,152.616,-58.7356,480.273,177.984,-13.8617,476.101,181.068,-15.9293,466.793,155.391
88.315,180.033,59.1709,131.418,162.91,11.8646,171.983,312.686,65.7725,121.183,245.083,53.3519,171.373,220.682,23.1454,220.858,298.111,40.0991,198.679,409.105,-12.7748,249.123,376.914,39.3364,182.146,436.53,148.81,162.6,459.446,182.952,149.904,481.611,218.778,186.765,493.847,214.974,198.479,472.367,176.241,206.993,449.884,145.173,140.654,587.355,256.021,139.17,508.25,247.061,123.439,542.792,264.89,-55.0626,470.786,152.619,-58.7548,480.33,177.977,-13.8843,476.146,181.07,-15.952,466.84,155.391
88.2557,180.178,59.0969,131.391,162.944,11.8798,171.982,312.75,65.765,121.152,245.164,53.3172,171.351,220.726,23.147,220.863,298.14,40.1115,198.747,409.077,-12.8494,249.149,376.944,39.3481,182.134,436.576,148.827,162.579,459.492,182.965,149.877,481.654,218.79,186.741,493.888,214.991,198.461,472.408,176.263,206.982,449.928,145.192,140.627,587.396,256.03,139.143,508.29,247.071,123.416,542.829,264.892,-55.0922,470.829,152.623,-58.7752,480.385,177.971,-13.9077,476.189,181.073,-15.9756,466.885,155.391
88.198,180.332,59.0376,131.361,162.982,11.9063,171.985,312.818,65.7627,121.122,245.251,53.2922,171.329,220.772,23.1569,220.869,298.172,40.1274,198.817,409.044,-12.9285,249.179,376.975,39.3596,182.122,436.622,148.844,162.557,459.537,182.978,149.85,481.695,218.801,186.716,493.929,215.008,198.443,472.449,176.286,206.972,449.971,145.212,140.598,587.437,256.039,139.116,508.329,247.081,123.392,542.863,264.894,-55.1227,470.87,152.626,-58.7969,480.438,177.965,-13.9321,476.23,181.075,-16.0004,466.928,155.391
88.1412,180.493,58.9936,131.328,163.024,11.9448,171.992,312.891,65.7659,121.095,245.344,53.277,171.306,220.822,23.1755,220.877,298.206,40.1471,198.888,409.007,-13.0119,249.212,377.008,39.371,182.11,436.667,148.862,162.535,459.58,182.991,149.822,481.735,218.813,186.69,493.968,215.026,198.425,472.489,176.309,206.963,450.015,145.233,140.568,587.475,256.049,139.088,508.367,247.09,123.368,542.896,264.896,-55.1542,470.909,152.629,-58.8197,480.488,177.959,-13.9573,476.269,181.078,-16.026,466.97,155.391
88.0843,180.662,58.9656,131.292,163.069,11.9959,172.001,312.969,65.7744,121.068,245.442,53.272,171.28,220.874,23.2032,220.886,298.244,40.1708,198.96,408.965,-13.0991,249.248,377.041,39.3825,182.099,436.712,148.881,162.513,459.623,183.004,149.794,481.774,218.825,186.664,494.007,215.044,198.407,472.528,176.332,206.954,450.057,145.254,140.538,587.513,256.058,139.059,508.403,247.1,123.343,542.928,264.897,-55.1865,470.946,152.633,-58.8437,480.537,177.954,-13.9833,476.306,181.081,-16.0526,467.009,155.391
88.0263,180.839,58.9539,131.25,163.119,12.0603,172.013,313.051,65.7884,121.041,245.546,53.2774,171.252,220.93,23.2405,220.895,298.283,40.1989,199.031,408.92,-13.1897,249.286,377.075,39.3943,182.088,436.756,148.9,162.491,459.665,183.018,149.765,481.812,218.837,186.637,494.045,215.062,198.388,472.567,176.356,206.945,450.099,145.275,140.506,587.549,256.066,139.029,508.438,247.109,123.317,542.958,264.899,-55.2197,470.981,152.637,-58.8687,480.584,177.949,-14.01,476.341,181.085,-16.0801,467.047,155.391
87.9665,181.022,58.959,131.202,163.171,12.1384,172.026,313.137,65.8078,121.013,245.655,53.2934,171.22,220.987,23.2875,220.903,298.325,40.2317,199.103,408.87,-13.2831,249.325,377.109,39.4066,182.078,436.799,148.92,162.469,459.706,183.032,149.736,481.848,218.849,186.609,494.082,215.08,198.369,472.605,176.38,206.936,450.141,145.297,140.474,587.583,256.075,138.999,508.472,247.119,123.29,542.988,264.9,-55.2537,471.015,152.64,-58.8947,480.628,177.945,-14.0374,476.374,181.088,-16.1084,467.082,155.391
87.9038,181.212,58.9812,131.147,163.227,12.2307,172.039,313.227,65.8326,120.984,245.77,53.32,171.184,221.047,23.3447,220.911,298.368,40.2693,199.175,408.817,-13.3789,249.366,377.144,39.4196,182.067,436.841,148.94,162.447,459.746,183.045,149.706,481.883,218.861,186.581,494.118,215.097,198.35,472.642,176.404,206.928,450.183,145.318,140.441,587.617,256.083,138.968,508.504,247.127,123.262,543.015,264.9,-55.2884,471.047,152.644,-58.9218,480.67,177.941,-14.0654,476.405,181.092,-16.1374,467.116,155.391
87.8373,181.407,59.0206,131.084,163.286,12.3376,172.052,313.321,65.8626,120.952,245.889,53.3573,171.144,221.109,23.4122,220.916,298.412,40.312,199.245,408.76,-13.4766,249.407,377.178,39.4336,182.057,436.883,148.96,162.425,459.784,183.059,149.676,481.917,218.873,186.553,494.154,215.115,198.332,472.679,176.427,206.919,450.224,145.34,140.407,587.649,256.091,138.937,508.536,247.136,123.234,543.042,264.9,-55.3238,471.077,152.648,-58.9498,480.71,177.938,-14.094,476.434,181.096,-16.1671,467.147,155.391
87.7664,181.608,59.0773,131.012,163.348,12.4593,172.064,313.419,65.8978,120.917,246.012,53.4054,171.097,221.173,23.4902,220.919,298.458,40.3601,199.315,408.7,-13.5757,249.449,377.212,39.4486,182.047,436.923,148.981,162.403,459.822,183.072,149.646,481.95,218.884,186.524,494.189,215.132,198.313,472.716,176.451,206.911,450.264,145.362,140.373,587.679,256.098,138.905,508.566,247.143,123.205,543.068,264.9,-55.3599,471.105,152.652,-58.9788,480.747,177.935,-14.1232,476.46,181.1,-16.1975,467.176,155.391
87.6902,181.815,59.1513,130.932,163.413,12.596,172.074,313.519,65.938,120.879,246.14,53.464,171.045,221.238,23.5788,220.92,298.504,40.4136,199.384,408.637,-13.6757,249.49,377.246,39.4649,182.036,436.963,149.001,162.382,459.859,183.085,149.616,481.983,218.895,186.495,494.223,215.149,198.294,472.752,176.475,206.903,450.304,145.383,140.338,587.709,256.104,138.873,508.595,247.15,123.176,543.092,264.899,-55.3965,471.132,152.657,-59.0085,480.782,177.933,-14.1528,476.485,181.104,-16.2285,467.203,155.391
87.6079,182.025,59.2424,130.842,163.48,12.7478,172.082,313.622,65.9831,120.835,246.273,53.5333,170.985,221.305,23.6781,220.917,298.55,40.4727,199.451,408.57,-13.7761,249.531,377.28,39.4828,182.026,437.002,149.022,162.36,459.895,183.098,149.585,482.014,218.906,186.466,494.257,215.165,198.275,472.787,176.498,206.895,450.344,145.405,140.302,587.737,256.11,138.841,508.623,247.157,123.146,543.116,264.898,-55.4337,471.156,152.661,-59.0391,480.815,177.932,-14.1829,476.507,181.108,-16.2599,467.228,155.39
87.5192,182.24,59.3505,130.742,163.549,12.9148,172.087,313.728,66.0328,120.787,246.408,53.6128,170.919,221.372,23.7881,220.911,298.596,40.5376,199.516,408.501,-13.8765,249.571,377.312,39.5024,182.016,437.041,149.042,162.339,459.93,183.11,149.555,482.044,218.916,186.437,494.29,215.181,198.256,472.822,176.521,206.887,450.383,145.426,140.266,587.765,256.115,138.808,508.65,247.162,123.116,543.139,264.896,-55.4713,471.179,152.665,-59.0705,480.845,177.931,-14.2134,476.527,181.113,-16.2919,467.251,155.39
87.4235,182.458,59.4751,130.631,163.62,13.0969,172.089,313.837,66.0869,120.733,246.548,53.7026,170.846,221.44,23.9089,220.9,298.641,40.6082,199.579,408.429,-13.9763,249.609,377.344,39.524,182.006,437.078,149.063,162.318,459.965,183.122,149.525,482.074,218.925,186.408,494.323,215.197,198.237,472.857,176.544,206.878,450.421,145.446,140.229,587.791,256.119,138.776,508.677,247.167,123.085,543.161,264.894,-55.5093,471.199,152.67,-59.1025,480.872,177.93,-14.2443,476.546,181.117,-16.3242,467.272,155.389
87.3205,182.68,59.616,130.51,163.693,13.2939,172.087,313.947,66.1451,120.673,246.69,53.8023,170.765,221.509,24.0403,220.886,298.686,40.6848,199.641,408.354,-14.0752,249.646,377.374,39.5476,181.996,437.115,149.083,162.297,459.998,183.134,149.495,482.103,218.934,186.378,494.356,215.211,198.219,472.891,176.566,206.87,450.459,145.466,140.192,587.816,256.122,138.744,508.702,247.171,123.054,543.182,264.891,-55.5477,471.218,152.674,-59.1352,480.897,177.93,-14.2755,476.562,181.122,-16.3569,467.29,155.389
87.21,182.904,59.7727,130.379,163.767,13.5056,172.081,314.059,66.2073,120.607,246.836,53.9117,170.676,221.579,24.1823,220.867,298.73,40.7673,199.7,408.276,-14.1727,249.682,377.403,39.5735,181.986,437.151,149.102,162.277,460.031,183.145,149.466,482.131,218.942,186.349,494.388,215.225,198.201,472.925,176.587,206.862,450.496,145.485,140.155,587.841,256.124,138.711,508.727,247.174,123.022,543.203,264.887,-55.5864,471.235,152.679,-59.1684,480.92,177.931,-14.3069,476.576,181.127,-16.3898,467.307,155.388
87.0919,183.131,59.9447,130.237,163.843,13.7318,172.071,314.174,66.2732,120.535,246.984,54.0305,170.579,221.649,24.3347,220.844,298.773,40.8556,199.757,408.196,-14.2686,249.717,377.43,39.6018,181.977,437.187,149.122,162.258,460.063,183.155,149.437,482.159,218.949,186.32,494.421,215.239,198.183,472.958,176.608,206.855,450.534,145.504,140.117,587.865,256.124,138.679,508.751,247.176,122.99,543.224,264.883,-55.6253,471.25,152.684,-59.2022,480.94,177.933,-14.3386,476.588,181.131,-16.4229,467.321,155.387
86.9662,183.36,60.1317,130.085,163.92,13.9721,172.056,314.289,66.3425,120.457,247.135,54.1584,170.476,221.719,24.4973,220.816,298.814,40.9499,199.813,408.115,-14.3625,249.749,377.456,39.6327,181.968,437.221,149.14,162.239,460.095,183.164,149.408,482.186,218.955,186.292,494.453,215.251,198.166,472.992,176.628,206.847,450.571,145.521,140.079,587.888,256.124,138.647,508.775,247.176,122.958,543.244,264.877,-55.6643,471.262,152.689,-59.2364,480.957,177.935,-14.3705,476.599,181.136,-16.4562,467.333,155.386
86.8334,183.591,60.3329,129.923,163.998,14.2263,172.037,314.406,66.4149,120.373,247.289,54.295,170.365,221.79,24.6699,220.784,298.855,41.05,199.867,408.031,-14.454,249.781,377.48,39.6663,181.96,437.256,149.158,162.222,460.126,183.173,149.381,482.213,218.96,186.264,494.485,215.263,198.149,473.025,176.647,206.84,450.607,145.538,140.04,587.91,256.122,138.615,508.798,247.176,122.926,543.264,264.871,-55.7035,471.273,152.694,-59.271,480.972,177.937,-14.4026,476.607,181.141,-16.4895,467.343,155.385
86.6936,183.824,60.548,129.753,164.078,14.4939,172.015,314.525,66.4903,120.283,247.446,54.4402,170.247,221.861,24.8524,220.749,298.894,41.1558,199.92,407.945,-14.5429,249.812,377.503,39.7027,181.952,437.29,149.175,162.206,460.157,183.181,149.354,482.24,218.964,186.236,494.518,215.273,198.134,473.058,176.665,206.834,450.644,145.554,140.002,587.932,256.119,138.584,508.821,247.175,122.893,543.284,264.864,-55.7426,471.282,152.699,-59.3059,480.985,177.941,-14.4347,476.614,181.146,-16.5227,467.351,155.383
86.5474,184.058,60.7764,129.573,164.16,14.7745,171.988,314.644,66.5683,120.188,247.605,54.5936,170.123,221.932,25.0445,220.71,298.932,41.2674,199.973,407.858,-14.629,249.842,377.525,39.7422,181.946,437.323,149.192,162.19,460.188,183.188,149.328,482.266,218.967,186.209,494.551,215.283,198.119,473.092,176.683,206.829,450.681,145.569,139.963,587.954,256.114,138.554,508.844,247.172,122.86,543.304,264.856,-55.7816,471.289,152.704,-59.341,480.995,177.944,-14.467,476.618,181.151,-16.5559,467.357,155.382
86.3954,184.294,61.0176,129.386,164.242,15.0677,171.958,314.765,66.6487,120.088,247.766,54.755,169.993,222.004,25.2459,220.668,298.969,41.3847,200.024,407.77,-14.712,249.872,377.545,39.7847,181.941,437.357,149.207,162.177,460.218,183.194,149.303,482.293,218.968,186.183,494.585,215.292,198.106,473.126,176.699,206.825,450.717,145.583,139.923,587.975,256.108,138.524,508.866,247.169,122.828,543.324,264.848,-55.8205,471.294,152.709,-59.3763,481.002,177.949,-14.4992,476.621,181.156,-16.5889,467.361,155.38
86.2384,184.532,61.2712,129.192,164.327,15.3732,171.925,314.888,66.7314,119.984,247.931,54.9239,169.859,222.077,25.4566,220.624,299.005,41.5075,200.076,407.681,-14.7918,249.902,377.564,39.8304,181.938,437.39,149.222,162.165,460.248,183.199,149.28,482.32,218.969,186.158,494.619,215.3,198.094,473.161,176.715,206.823,450.755,145.596,139.884,587.997,256.101,138.494,508.889,247.164,122.795,543.344,264.838,-55.8592,471.297,152.714,-59.4117,481.007,177.954,-14.5314,476.622,181.161,-16.6217,467.363,155.378
86.0773,184.772,61.5367,128.992,164.414,15.6904,171.89,315.012,66.8162,119.876,248.098,55.1003,169.72,222.151,25.6762,220.578,299.04,41.6358,200.129,407.591,-14.8681,249.934,377.582,39.8794,181.937,437.423,149.236,162.155,460.279,183.203,149.258,482.347,218.968,186.134,494.654,215.308,198.084,473.196,176.73,206.822,450.793,145.609,139.844,588.018,256.092,138.466,508.912,247.157,122.761,543.365,264.828,-55.8976,471.298,152.719,-59.447,481.009,177.959,-14.5635,476.621,181.166,-16.6541,467.363,155.376
85.913,185.014,61.8138,128.788,164.503,16.0191,171.854,315.138,66.9029,119.767,248.269,55.2839,169.578,222.226,25.9045,220.531,299.074,41.7696,200.184,407.501,-14.9408,249.967,377.599,39.9318,181.938,437.457,149.249,162.148,460.31,183.206,149.238,482.375,218.967,186.112,494.69,215.314,198.077,473.232,176.744,206.823,450.831,145.62,139.804,588.039,256.081,138.438,508.935,247.15,122.728,543.386,264.817,-55.9356,471.297,152.724,-59.4823,481.009,177.965,-14.5955,476.618,181.171,-16.6861,467.361,155.374
85.7465,185.259,62.1021,128.579,164.594,16.359,171.817,315.266,66.9916,119.656,248.443,55.4744,169.435,222.302,26.1415,220.485,299.109,41.9088,200.241,407.411,-15.0098,250.003,377.616,39.9877,181.942,437.491,149.26,162.143,460.341,183.208,149.219,482.403,218.963,186.09,494.727,215.32,198.071,473.269,176.758,206.828,450.871,145.631,139.764,588.061,256.069,138.411,508.958,247.142,122.695,543.407,264.804,-55.9731,471.294,152.73,-59.5173,481.007,177.972,-14.6272,476.614,181.175,-16.7175,467.357,155.371
85.5789,185.507,62.4013,128.368,164.689,16.7096,171.781,315.397,67.082,119.544,248.621,55.6718,169.29,222.381,26.387,220.44,299.144,42.0534,200.301,407.322,-15.0749,250.043,377.633,40.0472,181.95,437.526,149.271,162.141,460.373,183.21,149.203,482.431,218.959,186.071,494.766,215.324,198.068,473.308,176.771,206.835,450.912,145.64,139.724,588.083,256.056,138.385,508.982,247.132,122.662,543.43,264.791,-56.01,471.29,152.735,-59.5521,481.002,177.979,-14.6587,476.608,181.18,-16.7484,467.351,155.368
85.4114,185.759,62.7113,128.155,164.788,17.0708,171.746,315.53,67.1743,119.434,248.804,55.8758,169.145,222.461,26.6409,220.397,299.18,42.2033,200.366,407.233,-15.136,250.087,377.649,40.1105,181.961,437.562,149.281,162.141,460.405,183.21,149.188,482.461,218.954,186.053,494.807,215.329,198.068,473.348,176.783,206.845,450.955,145.65,139.683,588.105,256.041,138.361,509.007,247.121,122.629,543.453,264.777,-56.0463,471.284,152.74,-59.5866,480.994,177.986,-14.6899,476.601,181.184,-16.7787,467.343,155.365
85.2452,186.016,63.0317,127.942,164.891,17.4424,171.714,315.667,67.2685,119.325,248.992,56.0865,169.002,222.545,26.9031,220.357,299.217,42.3586,200.436,407.145,-15.1931,250.137,377.667,40.1775,181.977,437.6,149.291,162.146,460.439,183.21,149.176,482.492,218.947,186.038,494.85,215.332,198.071,473.39,176.795,206.86,451,145.659,139.642,588.128,256.024,138.337,509.032,247.109,122.596,543.477,264.763,-56.0818,471.275,152.745,-59.6205,480.985,177.994,-14.7207,476.592,181.188,-16.8081,467.334,155.362
85.0815,186.278,63.3626,127.73,164.999,17.8243,171.686,315.808,67.3647,119.22,249.185,56.3038,168.861,222.633,27.1737,220.322,299.256,42.5194,200.512,407.06,-15.2459,250.193,377.685,40.2485,181.997,437.638,149.299,162.154,460.474,183.209,149.167,482.524,218.939,186.024,494.895,215.335,198.078,473.434,176.807,206.879,451.047,145.667,139.601,588.152,256.006,138.315,509.059,247.097,122.563,543.502,264.747,-56.1164,471.265,152.75,-59.6539,480.973,178.003,-14.7511,476.581,181.192,-16.8367,467.322,155.358
84.9214,186.546,63.7039,127.521,165.112,18.2164,171.663,315.953,67.463,119.12,249.385,56.5277,168.725,222.724,27.4526,220.293,299.298,42.6857,200.596,406.976,-15.2944,250.258,377.705,40.3236,182.023,437.679,149.307,162.166,460.51,183.207,149.16,482.558,218.93,186.013,494.942,215.338,198.088,473.481,176.819,206.903,451.096,145.676,139.56,588.177,255.987,138.294,509.087,247.083,122.531,543.528,264.731,-56.1501,471.254,152.755,-59.6865,480.959,178.011,-14.7809,476.569,181.196,-16.8643,467.309,155.355
84.7663,186.822,64.0555,127.316,165.233,18.6188,171.647,316.104,67.5637,119.025,249.592,56.7581,168.594,222.82,27.7401,220.271,299.343,42.8576,200.689,406.895,-15.3385,250.331,377.727,40.4029,182.055,437.721,149.314,162.183,460.549,183.204,149.156,482.593,218.92,186.005,494.992,215.34,198.103,473.531,176.831,206.932,451.149,145.684,139.518,588.202,255.966,138.274,509.116,247.068,122.498,543.556,264.714,-56.1827,471.24,152.76,-59.7184,480.942,178.02,-14.81,476.555,181.2,-16.8909,467.295,155.351
84.6172,187.106,64.4176,127.116,165.36,19.0316,171.638,316.26,67.667,118.938,249.807,56.9953,168.469,222.922,28.0362,220.257,299.391,43.0354,200.792,406.818,-15.378,250.415,377.752,40.4865,182.093,437.766,149.321,162.204,460.588,183.201,149.156,482.63,218.909,185.999,495.045,215.342,198.122,473.583,176.842,206.968,451.205,145.693,139.476,588.229,255.944,138.256,509.146,247.053,122.465,543.585,264.696,-56.2142,471.225,152.765,-59.7495,480.923,178.03,-14.8385,476.54,181.203,-16.9163,467.278,155.346
84.4753,187.399,64.7902,126.922,165.495,19.4549,171.638,316.423,67.7733,118.859,250.03,57.2393,168.352,223.029,28.3412,220.253,299.445,43.2192,200.906,406.744,-15.4128,250.51,377.78,40.5746,182.138,437.814,149.327,162.23,460.631,183.198,149.158,482.669,218.897,185.997,495.102,215.344,198.146,473.64,176.855,207.009,451.265,145.703,139.434,588.258,255.92,138.24,509.179,247.037,122.433,543.616,264.678,-56.2443,471.208,152.77,-59.7795,480.903,178.039,-14.8662,476.523,181.206,-16.9405,467.26,155.342
84.3417,187.703,65.1734,126.736,165.639,19.889,171.648,316.594,67.8828,118.791,250.264,57.4902,168.245,223.144,28.6553,220.26,299.503,43.4092,201.032,406.674,-15.4427,250.618,377.812,40.6674,182.191,437.864,149.334,162.262,460.675,183.195,149.164,482.711,218.885,185.997,495.162,215.347,198.175,473.699,176.868,207.058,451.329,145.713,139.391,588.288,255.895,138.225,509.213,247.021,122.401,543.649,264.659,-56.2731,471.189,152.775,-59.8084,480.88,178.049,-14.8931,476.505,181.209,-16.9634,467.241,155.338
84.2175,188.019,65.5674,126.559,165.793,20.3341,171.67,316.773,67.9959,118.734,250.508,57.7483,168.149,223.266,28.9789,220.28,299.568,43.6057,201.172,406.61,-15.4676,250.74,377.849,40.7651,182.251,437.918,149.34,162.3,460.723,183.192,149.174,482.755,218.872,186.001,495.226,215.349,198.21,473.763,176.882,207.115,451.397,145.724,139.348,588.32,255.87,138.212,509.249,247.004,122.369,543.684,264.64,-56.3004,471.169,152.779,-59.836,480.855,178.059,-14.9189,476.486,181.211,-16.9847,467.22,155.333
84.1037,188.348,65.9725,126.393,165.957,20.7908,171.705,316.96,68.1131,118.689,250.763,58.0138,168.064,223.396,29.3122,220.313,299.639,43.8091,201.327,406.551,-15.4872,250.877,377.89,40.8678,182.321,437.976,149.347,162.344,460.773,183.189,149.187,482.802,218.859,186.008,495.295,215.353,198.251,473.832,176.897,207.18,451.471,145.737,139.305,588.354,255.843,138.2,509.288,246.987,122.337,543.72,264.62,-56.3261,471.148,152.784,-59.8624,480.828,178.069,-14.9437,476.465,181.213,-17.0046,467.198,155.328
84.0011,188.69,66.3887,126.238,166.133,21.2593,171.754,317.158,68.2349,118.658,251.031,58.287,167.993,223.535,29.6557,220.361,299.719,44.0196,201.498,406.498,-15.5013,251.03,377.938,40.9759,182.399,438.037,149.355,162.394,460.826,183.186,149.204,482.851,218.846,186.019,495.368,215.357,198.298,473.905,176.914,207.253,451.549,145.751,139.261,588.39,255.815,138.19,509.328,246.97,122.305,543.759,264.6,-56.3501,471.124,152.788,-59.8872,480.799,178.079,-14.9673,476.443,181.215,-17.0228,467.174,155.323
83.9108,189.049,66.8165,126.096,166.32,21.7401,171.819,317.366,68.3616,118.641,251.312,58.5681,167.936,223.684,30.0098,220.425,299.806,44.2377,201.686,406.452,-15.5097,251.201,377.991,41.0895,182.487,438.103,149.364,162.451,460.883,183.184,149.226,482.904,218.832,186.034,495.446,215.361,198.352,473.984,176.932,207.335,451.634,145.768,139.216,588.428,255.787,138.182,509.372,246.952,122.274,543.8,264.58,-56.3723,471.1,152.792,-59.9105,480.769,178.089,-14.9896,476.42,181.216,-17.0392,467.149,155.317
83.8333,189.423,67.2559,125.968,166.521,22.2339,171.9,317.586,68.4938,118.641,251.607,58.8575,167.894,223.843,30.375,220.507,299.903,44.4637,201.893,406.414,-15.512,251.391,378.052,41.2089,182.585,438.174,149.374,162.515,460.944,183.183,149.251,482.96,218.819,186.053,495.529,215.368,198.412,474.068,176.952,207.427,451.725,145.787,139.171,588.469,255.758,138.176,509.419,246.936,122.243,543.844,264.56,-56.3925,471.074,152.796,-59.9322,480.736,178.1,-15.0105,476.396,181.217,-17.0537,467.123,155.312
83.7695,189.816,67.7074,125.855,166.736,22.741,172,317.818,68.632,118.657,251.918,59.1555,167.869,224.014,30.7519,220.606,300.009,44.6981,202.12,406.383,-15.5079,251.599,378.12,41.3344,182.694,438.249,149.386,162.586,461.008,183.184,149.281,483.02,218.806,186.076,495.618,215.375,198.479,474.158,176.975,207.529,451.822,145.808,139.125,588.512,255.728,138.171,509.468,246.919,122.211,543.891,264.54,-56.4106,471.046,152.8,-59.952,480.702,178.11,-15.0299,476.37,181.218,-17.0663,467.096,155.306
83.72,190.227,68.171,125.757,166.965,23.2621,172.118,318.063,68.7766,118.692,252.244,59.4626,167.861,224.197,31.1408,220.725,300.126,44.9414,202.368,406.361,-15.4971,251.829,378.197,41.4665,182.814,438.33,149.399,162.664,461.077,183.186,149.315,483.083,218.794,186.103,495.713,215.384,198.554,474.254,177.001,207.641,451.926,145.833,139.078,588.558,255.698,138.169,509.521,246.903,122.18,543.94,264.52,-56.4266,471.017,152.803,-59.9699,480.666,178.12,-15.0476,476.343,181.218,-17.0769,467.067,155.301
83.6853,190.657,68.6471,125.676,167.209,23.7978,172.255,318.321,68.9284,118.744,252.587,59.7791,167.872,224.392,31.5425,220.864,300.254,45.194,202.637,406.348,-15.4791,252.079,378.282,41.6053,182.945,438.416,149.416,162.751,461.151,183.189,149.354,483.151,218.783,186.134,495.814,215.396,198.636,474.357,177.03,207.764,452.038,145.862,139.03,588.608,255.667,138.168,509.577,246.888,122.149,543.992,264.5,-56.4403,470.987,152.807,-59.9858,480.629,178.131,-15.0636,476.316,181.218,-17.0852,467.038,155.295
83.666,191.108,69.1359,125.613,167.469,24.3486,172.414,318.594,69.0877,118.816,252.948,60.1055,167.901,224.6,31.9573,221.024,300.394,45.4565,202.93,406.344,-15.4536,252.352,378.376,41.7514,183.088,438.509,149.435,162.845,461.229,183.195,149.398,483.222,218.773,186.17,495.921,215.409,198.726,474.467,177.062,207.897,452.157,145.895,138.982,588.66,255.637,138.169,509.637,246.874,122.118,544.048,264.481,-56.4516,470.956,152.81,-59.9995,480.59,178.141,-15.0778,476.287,181.217,-17.0913,467.008,155.289
83.6623,191.58,69.6375,125.568,167.746,24.9152,172.594,318.881,69.2551,118.908,253.326,60.4423,167.951,224.821,32.386,221.206,300.546,45.7292,203.246,406.35,-15.4199,252.647,378.481,41.905,183.242,438.607,149.457,162.947,461.313,183.204,149.446,483.299,218.764,186.209,496.036,215.425,198.823,474.584,177.098,208.043,452.284,145.932,138.932,588.716,255.606,138.172,509.701,246.861,122.087,544.107,264.462,-56.4603,470.923,152.813,-60.011,480.549,178.151,-15.0899,476.258,181.216,-17.095,466.976,155.283
83.6747,192.075,70.1522,125.542,168.039,25.4981,172.796,319.184,69.4312,119.021,253.723,60.7897,168.021,225.057,32.829,221.41,300.711,46.0129,203.586,406.367,-15.3776,252.966,378.596,42.0666,183.409,438.712,149.483,163.058,461.401,183.215,149.499,483.38,218.757,186.254,496.157,215.444,198.929,474.708,177.138,208.199,452.42,145.975,138.882,588.776,255.576,138.177,509.769,246.85,122.057,544.169,264.444,-56.4665,470.889,152.815,-60.0201,480.507,178.161,-15.0999,476.227,181.214,-17.0962,466.944,155.277
83.7033,192.591,70.6801,125.536,168.349,26.0979,173.022,319.502,69.6166,119.154,254.139,61.1485,168.111,225.308,33.287,221.637,300.889,46.3079,203.952,406.395,-15.3262,253.308,378.721,42.2367,183.589,438.824,149.513,163.176,461.495,183.229,149.556,483.465,218.753,186.303,496.286,215.466,199.042,474.841,177.183,208.367,452.565,146.022,138.83,588.839,255.546,138.184,509.841,246.841,122.026,544.234,264.428,-56.4699,470.855,152.818,-60.0268,480.464,178.171,-15.1077,476.196,181.212,-17.0949,466.912,155.27
83.7484,193.131,71.2212,125.549,168.678,26.7152,173.27,319.836,69.8118,119.308,254.575,61.5189,168.223,225.573,33.7604,221.887,301.081,46.6149,204.344,406.434,-15.265,253.675,378.857,42.4157,183.781,438.943,149.548,163.304,461.595,183.247,149.619,483.556,218.75,186.356,496.423,215.491,199.164,474.981,177.233,208.547,452.718,146.076,138.777,588.906,255.516,138.192,509.917,246.833,121.995,544.304,264.412,-56.4704,470.819,152.82,-60.0309,480.419,178.18,-15.1131,476.164,181.21,-17.0909,466.878,155.264
83.8101,193.694,71.7757,125.582,169.024,27.3504,173.542,320.186,70.0173,119.484,255.03,61.9015,168.356,225.854,34.2498,222.161,301.287,46.9343,204.763,406.485,-15.1935,254.066,379.005,42.6041,183.985,439.069,149.588,163.439,461.701,183.269,149.686,483.652,218.751,186.414,496.567,215.52,199.294,475.13,177.289,208.739,452.88,146.136,138.723,588.978,255.487,138.203,509.998,246.827,121.964,544.377,264.397,-56.4681,470.782,152.822,-60.0322,480.373,178.189,-15.1159,476.132,181.207,-17.0841,466.844,155.258
83.8884,194.281,72.3437,125.635,169.388,28.0042,173.838,320.553,70.2339,119.681,255.506,62.2968,168.511,226.15,34.7558,222.458,301.507,47.2668,205.208,406.548,-15.111,254.481,379.165,42.8024,184.203,439.203,149.634,163.583,461.813,183.295,149.758,483.754,218.754,186.476,496.72,215.553,199.432,475.287,177.35,208.943,453.052,146.203,138.668,589.053,255.459,138.215,510.084,246.824,121.933,544.455,264.383,-56.4626,470.744,152.824,-60.0308,480.326,178.199,-15.1162,476.098,181.203,-17.0744,466.81,155.252
83.9834,194.891,72.925,125.709,169.771,28.6771,174.159,320.936,70.462,119.899,256.001,62.7053,168.688,226.462,35.2789,222.779,301.741,47.6127,205.681,406.622,-15.0168,254.921,379.337,43.0111,184.433,439.344,149.685,163.736,461.931,183.326,149.835,483.861,218.761,186.542,496.881,215.591,199.578,475.454,177.417,209.159,453.234,146.277,138.612,589.133,255.432,138.228,510.175,246.824,121.901,544.536,264.371,-56.454,470.706,152.825,-60.0265,480.278,178.207,-15.1137,476.064,181.199,-17.0618,466.775,155.246
84.0949,195.524,73.5198,125.802,170.172,29.3694,174.503,321.336,70.7021,120.138,256.517,63.1273,168.885,226.79,35.8196,223.123,301.99,47.9727,206.182,406.71,-14.9104,255.385,379.52,43.2307,184.675,439.493,149.744,163.897,462.056,183.362,149.916,483.974,218.772,186.612,497.051,215.633,199.732,475.629,177.491,209.386,453.425,146.358,138.554,589.218,255.406,138.244,510.272,246.826,121.87,544.622,264.361,-56.4422,470.666,152.827,-60.0193,480.229,178.216,-15.1083,476.03,181.195,-17.0461,466.739,155.24
84.2229,196.182,74.128,125.916,170.591,30.0817,174.871,321.752,70.9549,120.398,257.053,63.5634,169.104,227.134,36.3783,223.491,302.254,48.3474,206.71,406.81,-14.7909,255.874,379.716,43.4618,184.931,439.65,149.809,164.066,462.187,183.404,150.001,484.093,218.786,186.687,497.23,215.68,199.894,475.813,177.572,209.625,453.626,146.448,138.494,589.308,255.381,138.26,510.373,246.832,121.838,544.713,264.353,-56.427,470.626,152.828,-60.0089,480.178,178.224,-15.0999,475.996,181.191,-17.0273,466.704,155.234
84.3672,196.862,74.7496,126.049,171.028,30.8143,175.263,322.185,71.221,120.678,257.61,64.0141,169.344,227.494,36.9556,223.881,302.532,48.737,207.266,406.922,-14.6578,256.387,379.925,43.7048,185.198,439.814,149.882,164.244,462.325,183.452,150.092,484.218,218.805,186.766,497.417,215.732,200.064,476.007,177.661,209.876,453.837,146.547,138.433,589.402,255.358,138.279,510.48,246.84,121.806,544.808,264.346,-56.4084,470.585,152.828,-59.9954,480.127,178.232,-15.0884,475.961,181.185,-17.0053,466.668,155.229
84.5275,197.565,75.3845,126.202,171.484,31.5677,175.678,322.635,71.5008,120.978,258.186,64.4797,169.604,227.87,37.5519,224.294,302.825,49.1423,207.849,407.047,-14.5102,256.922,380.145,43.9604,185.478,439.987,149.963,164.429,462.47,183.505,150.186,484.349,218.828,186.848,497.614,215.79,200.241,476.209,177.757,210.138,454.059,146.654,138.371,589.502,255.336,138.298,510.593,246.853,121.774,544.908,264.342,-56.3863,470.544,152.829,-59.9786,480.076,178.24,-15.0737,475.926,181.18,-16.98,466.632,155.223
84.7038,198.29,76.0327,126.374,171.958,32.3421,176.116,323.1,71.7949,121.298,258.781,64.9606,169.883,228.263,38.1675,224.729,303.133,49.5637,208.461,407.185,-14.3476,257.481,380.378,44.2291,185.77,440.169,150.053,164.622,462.622,183.566,150.285,484.487,218.857,186.935,497.819,215.854,200.426,476.422,177.861,210.41,454.29,146.771,138.307,589.607,255.316,138.319,510.711,246.869,121.741,545.012,264.34,-56.3606,470.502,152.83,-59.9585,480.023,178.248,-15.0556,475.89,181.174,-16.9513,466.596,155.218
84.8956,199.037,76.6942,126.564,172.449,33.138,176.577,323.581,72.1038,121.636,259.396,65.4573,170.182,228.67,38.803,225.185,303.455,50.0017,209.099,407.336,-14.1692,258.062,380.623,44.5113,186.073,440.358,150.152,164.823,462.781,183.633,150.388,484.631,218.891,187.025,498.034,215.923,200.617,476.643,177.973,210.694,454.531,146.898,138.241,589.717,255.298,138.341,510.836,246.889,121.708,545.122,264.341,-56.3312,470.459,152.83,-59.935,479.97,178.255,-15.0341,475.855,181.168,-16.9191,466.56,155.213
85.1026,199.805,77.369,126.771,172.957,33.9556,177.059,324.078,72.428,121.993,260.029,65.9701,170.499,229.094,39.4586,225.662,303.79,50.4567,209.764,407.499,-13.9743,258.664,380.88,44.8077,186.387,440.556,150.26,165.031,462.947,183.708,150.494,484.781,218.93,187.118,498.258,215.999,200.816,476.874,178.094,210.987,454.782,147.035,138.174,589.832,255.282,138.365,510.966,246.913,121.674,545.237,264.344,-56.2981,470.416,152.83,-59.908,479.916,178.262,-15.009,475.82,181.162,-16.8835,466.524,155.208
85.3244,200.593,78.0572,126.995,173.482,34.7952,177.562,324.59,72.768,122.366,260.681,66.4993,170.834,229.533,40.1348,226.159,304.14,50.9293,210.455,407.674,-13.7624,259.287,381.149,45.1186,186.712,440.761,150.378,165.246,463.119,183.79,150.605,484.938,218.975,187.214,498.491,216.082,201.021,477.114,178.224,211.291,455.043,147.183,138.105,589.953,255.268,138.389,511.102,246.942,121.64,545.357,264.35,-56.2612,470.373,152.83,-59.8775,479.862,178.269,-14.9803,475.785,181.155,-16.8443,466.488,155.204
85.5604,201.401,78.7588,127.235,174.023,35.6571,178.084,325.117,73.1241,122.756,261.351,67.0453,171.186,229.987,40.8318,226.674,304.503,51.4197,211.172,407.861,-13.5328,259.93,381.429,45.4447,187.048,440.975,150.507,165.468,463.299,183.881,150.719,485.102,219.027,187.314,498.734,216.172,201.232,477.364,178.364,211.603,455.313,147.341,138.034,590.08,255.256,138.414,511.245,246.975,121.606,545.482,264.359,-56.2205,470.33,152.83,-59.8433,479.807,178.276,-14.9478,475.75,181.148,-16.8015,466.453,155.2
85.8102,202.228,79.474,127.491,174.581,36.5415,178.626,325.658,73.497,123.162,262.037,67.6084,171.552,230.455,41.5501,227.207,304.879,51.9285,211.913,408.059,-13.285,260.591,381.72,45.7863,187.393,441.197,150.646,165.696,463.486,183.98,150.836,485.272,219.085,187.416,498.986,216.269,201.45,477.623,178.513,211.925,455.593,147.511,137.962,590.212,255.247,138.441,511.394,247.014,121.571,545.613,264.371,-56.1758,470.286,152.83,-59.8055,479.753,178.282,-14.9115,475.716,181.141,-16.755,466.418,155.196
86.073,203.073,80.203,127.76,175.153,37.4486,179.185,326.212,73.8867,123.581,262.74,68.1888,171.934,230.937,42.2897,227.756,305.268,52.456,212.679,408.269,-13.0184,261.27,382.022,46.1439,187.748,441.427,150.796,165.93,463.68,184.087,150.956,485.449,219.15,187.521,499.247,216.373,201.673,477.891,178.671,212.255,455.882,147.692,137.888,590.35,255.24,138.468,511.549,247.057,121.535,545.749,264.386,-56.1272,470.242,152.83,-59.764,479.698,178.288,-14.8713,475.682,181.134,-16.7048,466.383,155.193
86.348,203.934,80.946,128.042,175.74,38.3786,179.762,326.78,74.2938,124.014,263.459,68.7866,172.329,231.434,43.0512,228.321,305.668,53.0026,213.467,408.49,-12.7326,261.966,382.334,46.5178,188.111,441.665,150.957,166.17,463.88,184.203,151.079,485.632,219.222,187.628,499.516,216.485,201.901,478.167,178.84,212.593,456.18,147.885,137.812,590.494,255.236,138.496,511.71,247.105,121.499,545.89,264.404,-56.0746,470.198,152.83,-59.7187,479.642,178.294,-14.8271,475.648,181.126,-16.6508,466.349,155.19
86.6345,204.813,81.7033,128.335,176.342,39.3317,180.353,327.36,74.7185,124.459,264.192,69.4021,172.736,231.943,43.8345,228.901,306.08,53.5686,214.276,408.721,-12.4271,262.676,382.655,46.9085,188.482,441.91,151.13,166.415,464.087,184.329,151.205,485.822,219.301,187.737,499.795,216.604,202.133,478.453,179.019,212.938,456.487,148.09,137.735,590.644,255.235,138.524,511.878,247.159,121.462,546.037,264.426,-56.018,470.154,152.83,-59.6697,479.587,178.3,-14.779,475.615,181.119,-16.593,466.315,155.188
86.9314,205.706,82.4753,128.639,176.956,40.308,180.959,327.952,75.161,124.915,264.94,70.0355,173.154,232.465,44.6401,229.493,306.503,54.1544,215.106,408.961,-12.1017,263.401,382.986,47.3163,188.861,442.163,151.314,166.664,464.301,184.464,151.334,486.018,219.387,187.848,500.082,216.731,202.37,478.746,179.208,213.29,456.803,148.307,137.656,590.799,255.237,138.553,512.052,247.218,121.424,546.19,264.451,-55.9573,470.11,152.83,-59.6168,479.532,178.306,-14.7267,475.583,181.112,-16.5313,466.282,155.187
87.2379,206.614,83.2624,128.953,177.584,41.3076,181.578,328.556,75.6215,125.381,265.701,70.6867,173.581,232.999,45.4679,230.097,306.936,54.7601,215.956,409.211,-11.756,264.139,383.325,47.7415,189.246,442.423,151.511,166.918,464.521,184.608,151.464,486.222,219.482,187.961,500.378,216.867,202.611,479.048,179.408,213.648,457.126,148.536,137.576,590.961,255.241,138.582,512.232,247.283,121.386,546.348,264.479,-55.8926,470.067,152.83,-59.5601,479.477,178.312,-14.6703,475.551,181.104,-16.4659,466.25,155.186
87.5527,207.536,84.0651,129.274,178.223,42.3307,182.208,329.17,76.1,125.855,266.475,71.3559,174.017,233.545,46.3183,230.711,307.378,55.3859,216.823,409.469,-11.3899,264.888,383.672,48.1842,189.638,442.689,151.719,167.176,464.748,184.762,151.597,486.431,219.584,188.075,500.682,217.011,202.855,479.358,179.618,214.011,457.456,148.778,137.494,591.128,255.248,138.612,512.419,247.353,121.347,546.511,264.512,-55.8238,470.023,152.83,-59.4995,479.422,178.318,-14.6097,475.52,181.097,-16.3965,466.219,155.186
87.8748,208.471,84.8836,129.602,178.873,43.3773,182.848,329.794,76.5967,126.338,267.26,72.043,174.46,234.101,47.1912,231.334,307.829,56.0321,217.706,409.734,-11.0032,265.647,384.026,48.6448,190.035,442.962,151.94,167.438,464.981,184.926,151.731,486.647,219.694,188.19,500.993,217.163,203.102,479.675,179.839,214.378,457.794,149.032,137.41,591.301,255.258,138.642,512.612,247.429,121.307,546.681,264.548,-55.751,469.98,152.83,-59.435,479.368,178.323,-14.5449,475.491,181.09,-16.3233,466.188,155.186
88.2029,209.419,85.7186,129.935,179.534,44.4475,183.496,330.427,77.1116,126.826,268.057,72.748,174.909,234.667,48.0868,231.965,308.288,56.6988,218.605,410.007,-10.5959,266.415,384.386,49.1232,190.437,443.242,152.174,167.702,465.219,185.1,151.867,486.868,219.812,188.305,501.313,217.323,203.352,480,180.071,214.75,458.139,149.299,137.326,591.479,255.272,138.672,512.811,247.511,121.267,546.856,264.588,-55.6741,469.937,152.831,-59.3666,479.313,178.329,-14.4759,475.462,181.084,-16.2462,466.158,155.187
88.5358,210.377,86.5703,130.272,180.205,45.5414,184.152,331.069,77.6447,127.319,268.863,73.4709,175.361,235.243,49.0052,232.602,308.754,57.386,219.516,410.285,-10.1679,267.19,384.752,49.6196,190.842,443.527,152.42,167.969,465.463,185.284,152.004,487.096,219.938,188.422,501.639,217.492,203.604,480.331,180.313,215.126,458.489,149.579,137.24,591.664,255.288,138.702,513.016,247.599,121.227,547.036,264.631,-55.5931,469.895,152.832,-59.2943,479.26,178.335,-14.4027,475.434,181.078,-16.1653,466.129,155.19
88.8721,211.347,87.4392,130.612,180.884,46.659,184.813,331.718,78.1958,127.816,269.679,74.2114,175.817,235.828,49.9463,233.244,309.227,58.0938,220.439,410.569,-9.71939,267.972,385.122,50.1341,191.251,443.817,152.678,168.238,465.713,185.478,152.143,487.33,220.073,188.539,501.972,217.669,203.857,480.668,180.566,215.504,458.845,149.871,137.153,591.854,255.308,138.732,513.227,247.692,121.186,547.222,264.679,-55.5082,469.853,152.833,-59.2182,479.207,178.341,-14.3253,475.407,181.072,-16.0804,466.101,155.193
89.2106,212.326,88.3256,130.952,181.572,47.8003,185.479,332.375,78.7649,128.316,270.502,74.9695,176.274,236.42,50.9102,233.889,309.704,58.8221,221.373,410.857,-9.25054,268.759,385.496,50.6665,191.662,444.113,152.949,168.509,465.967,185.682,152.281,487.569,220.216,188.656,502.312,217.855,204.112,481.011,180.829,215.884,459.206,150.176,137.065,592.049,255.33,138.762,513.444,247.792,121.144,547.413,264.73,-55.4192,469.811,152.834,-59.1382,479.154,178.348,-14.2436,475.381,181.067,-15.9918,466.075,155.196
89.5499,213.315,89.2299,131.293,182.267,48.9654,186.146,333.038,79.3518,128.817,271.334,75.7448,176.732,237.021,51.8968,234.536,310.187,59.5709,222.314,411.148,-8.76157,269.549,385.873,51.2168,192.075,444.413,153.233,168.78,466.227,185.897,152.421,487.814,220.367,188.773,502.658,218.049,204.367,481.359,181.103,216.265,459.571,150.493,136.977,592.25,255.356,138.792,513.667,247.898,121.102,547.609,264.785,-55.3263,469.771,152.836,-59.0544,479.103,178.354,-14.1578,475.357,181.062,-15.8992,466.049,155.201
89.8886,214.313,90.1524,131.631,182.969,50.1542,186.815,333.706,79.9563,129.318,272.172,76.5372,177.188,237.627,52.9061,235.183,310.673,60.34,223.262,411.441,-8.2528,270.341,386.251,51.7848,192.489,444.717,153.529,169.052,466.491,186.121,152.561,488.064,220.527,188.89,503.009,218.252,204.623,481.712,181.387,216.647,459.94,150.823,136.887,592.457,255.384,138.822,513.895,248.009,121.059,547.811,264.844,-55.2294,469.731,152.839,-58.9668,479.052,178.361,-14.0678,475.334,181.058,-15.8029,466.025,155.207
90.2253,215.319,91.0933,131.967,183.677,51.3668,187.484,334.379,80.5782,129.817,273.016,77.3463,177.641,238.24,53.9379,235.83,311.161,61.1294,224.216,411.735,-7.72462,271.134,386.631,52.3703,192.903,445.025,153.837,169.325,466.758,186.355,152.701,488.319,220.695,189.007,503.366,218.463,204.878,482.07,181.681,217.03,460.312,151.165,136.797,592.668,255.416,138.852,514.128,248.126,121.017,548.018,264.907,-55.1287,469.691,152.842,-58.8754,479.002,178.369,-13.9737,475.312,181.055,-15.7029,466.002,155.214
90.5587,216.332,92.0529,132.298,184.39,52.603,188.151,335.056,81.2173,130.315,273.865,78.1717,178.09,238.858,54.9923,236.474,311.652,61.9386,225.173,412.03,-7.17749,271.927,387.01,52.9729,193.316,445.336,154.157,169.597,467.03,186.6,152.84,488.579,220.872,189.122,503.727,218.682,205.133,482.431,181.986,217.412,460.687,151.518,136.706,592.884,255.45,138.881,514.367,248.25,120.973,548.229,264.973,-55.0242,469.653,152.845,-58.7803,478.954,178.377,-13.8756,475.291,181.053,-15.5991,465.98,155.222
90.8875,217.353,93.0314,132.624,185.109,53.8627,188.815,335.736,81.8732,130.809,274.719,79.0131,178.534,239.48,56.0689,237.115,312.143,62.7676,226.131,412.324,-6.61193,272.719,387.389,53.5924,193.729,445.65,154.488,169.868,467.305,186.854,152.98,488.843,221.056,189.237,504.092,218.909,205.387,482.795,182.299,217.793,461.063,151.884,136.616,593.105,255.488,138.91,514.61,248.379,120.93,548.446,265.044,-54.916,469.615,152.849,-58.6815,478.906,178.385,-13.7734,475.272,181.052,-15.4917,465.96,155.231
91.2103,218.381,94.0289,132.942,185.831,55.146,189.475,336.418,82.5457,131.298,275.577,79.87,178.971,240.106,57.1677,237.751,312.634,63.616,227.09,412.617,-6.02852,273.507,387.765,54.2283,194.14,445.965,154.832,170.138,467.582,187.117,153.119,489.111,221.249,189.352,504.461,219.145,205.639,483.162,182.623,218.172,461.44,152.261,136.525,593.331,255.528,138.939,514.858,248.513,120.887,548.667,265.117,-54.8041,469.579,152.854,-58.5791,478.86,178.394,-13.6674,475.254,181.052,-15.3806,465.941,155.242
91.5257,219.415,95.0455,133.251,186.557,56.4527,190.129,337.102,83.2343,131.781,276.437,80.742,179.4,240.736,58.2884,238.38,313.124,64.4834,228.048,412.906,-5.42792,274.292,388.138,54.8801,194.548,446.282,155.187,170.407,467.863,187.39,153.257,489.383,221.45,189.465,504.832,219.388,205.89,483.531,182.956,218.549,461.818,152.649,136.434,593.562,255.571,138.968,515.111,248.654,120.844,548.893,265.195,-54.6887,469.543,152.86,-58.4731,478.815,178.404,-13.5575,475.238,181.053,-15.266,465.923,155.253
91.8325,220.454,96.0812,133.551,187.286,57.7826,190.776,337.788,83.9388,132.258,277.301,81.6287,179.819,241.368,59.4307,239.003,313.613,65.3694,229.002,413.191,-4.81083,275.072,388.507,55.5474,194.953,446.599,155.552,170.673,468.145,187.672,153.395,489.659,221.659,189.576,505.207,219.639,206.138,483.902,183.297,218.923,462.195,153.048,136.343,593.796,255.617,138.996,515.368,248.799,120.8,549.123,265.276,-54.5697,469.509,152.866,-58.3637,478.771,178.414,-13.4438,475.222,181.056,-15.1479,465.907,155.266
92.1293,221.5,97.136,133.84,188.018,59.1355,191.414,338.473,84.6587,132.726,278.166,82.5295,180.228,242.002,60.5944,239.616,314.099,66.2736,229.953,413.472,-4.17801,275.845,388.87,56.2294,195.354,446.917,155.929,170.937,468.429,187.963,153.531,489.938,221.875,189.687,505.583,219.897,206.385,484.273,183.647,219.293,462.571,153.457,136.253,594.035,255.665,139.024,515.629,248.95,120.757,549.357,265.36,-54.4473,469.476,152.873,-58.2508,478.729,178.426,-13.3266,475.208,181.06,-15.0265,465.893,155.28
92.415,222.551,98.2099,134.116,188.753,60.5112,192.044,339.158,85.3934,133.185,279.032,83.4441,180.625,242.637,61.7791,240.22,314.581,67.1954,230.898,413.746,-3.53028,276.611,389.228,56.9255,195.751,447.235,156.316,171.198,468.715,188.262,153.666,490.22,222.098,189.796,505.961,220.162,206.628,484.644,184.005,219.66,462.945,153.876,136.163,594.277,255.716,139.051,515.894,249.106,120.715,549.596,265.447,-54.3217,469.444,152.881,-58.1347,478.688,178.438,-13.2058,475.196,181.065,-14.9017,465.88,155.296
92.6884,223.607,99.3028,134.378,189.489,61.9094,192.663,339.843,86.1426,133.635,279.9,84.3717,181.009,243.273,62.9844,240.812,315.059,68.1345,231.836,414.013,-2.86851,277.369,389.579,57.635,196.142,447.552,156.712,171.457,469.001,188.57,153.8,490.504,222.329,189.903,506.339,220.435,206.868,485.015,184.37,220.022,463.317,154.305,136.075,594.523,255.769,139.078,516.162,249.267,120.673,549.837,265.538,-54.1929,469.413,152.89,-58.0153,478.649,178.451,-13.0816,475.185,181.072,-14.7737,465.869,155.312
92.9482,224.667,100.415,134.626,190.227,63.3298,193.27,340.525,86.9056,134.073,280.767,85.312,181.378,243.909,64.2098,241.392,315.532,69.09,232.765,414.273,-2.19359,278.117,389.921,58.3572,196.529,447.867,157.118,171.711,469.287,188.885,153.932,490.791,222.567,190.009,506.718,220.713,207.105,485.385,184.743,220.38,463.686,154.743,135.987,594.772,255.824,139.105,516.433,249.433,120.631,550.083,265.631,-54.061,469.384,152.9,-57.8929,478.612,178.465,-12.9542,475.174,181.081,-14.6426,465.86,155.331
93.1935,225.732,101.545,134.857,190.967,64.7721,193.865,341.205,87.6819,134.499,281.634,86.2645,181.733,244.544,65.455,241.959,315.999,70.0616,233.685,414.523,-1.50648,278.855,390.254,59.0911,196.909,448.18,157.533,171.962,469.574,189.208,154.063,491.079,222.812,190.113,507.097,220.998,207.338,485.753,185.123,220.732,464.051,155.189,135.901,595.024,255.882,139.132,516.707,249.603,120.59,550.332,265.728,-53.9261,469.356,152.911,-57.7674,478.576,178.48,-12.8236,475.166,181.092,-14.5084,465.852,155.35
93.4231,226.801,102.694,135.071,191.707,66.2358,194.447,341.882,88.471,134.913,282.501,87.2286,182.071,245.179,66.7193,242.512,316.46,71.0484,234.594,414.763,-0.808173,279.582,390.577,59.836,197.283,448.49,157.957,172.209,469.859,189.539,154.192,491.369,223.063,190.215,507.475,221.288,207.568,486.119,185.509,221.079,464.411,155.643,135.816,595.279,255.941,139.158,516.984,249.777,120.55,550.583,265.827,-53.7884,469.329,152.923,-57.639,478.543,178.496,-12.6902,475.158,181.104,-14.3713,465.846,155.372
93.6363,227.874,103.861,135.267,192.449,67.7206,195.014,342.555,89.2721,135.313,283.367,88.2039,182.391,245.812,68.0022,243.049,316.913,72.0498,235.492,414.993,-0.0996889,280.297,390.89,60.5908,197.65,448.797,158.388,172.452,470.144,189.875,154.319,491.66,223.32,190.315,507.852,221.584,207.793,486.482,185.9,221.42,464.767,156.104,135.733,595.537,256.002,139.185,517.263,249.956,120.511,550.838,265.928,-53.648,469.304,152.936,-57.5078,478.511,178.513,-12.5539,475.151,181.119,-14.2314,465.842,155.394
93.8319,228.951,105.045,135.444,193.191,69.2259,195.567,343.224,90.0845,135.699,284.23,89.1898,182.694,246.443,69.3029,243.57,317.359,73.065,236.376,415.21,0.61792,280.999,391.191,61.3547,198.01,449.1,158.827,172.689,470.428,190.218,154.445,491.952,223.582,190.414,508.226,221.885,208.014,486.841,186.297,221.754,465.116,156.572,135.651,595.796,256.065,139.211,517.543,250.138,120.473,551.095,266.032,-53.505,469.281,152.951,-57.3739,478.481,178.532,-12.415,475.146,181.136,-14.0887,465.84,155.419
94.0092,230.031,106.247,135.6,193.935,70.7512,196.104,343.888,90.9077,136.069,285.092,90.1857,182.977,247.071,70.6208,244.074,317.797,74.0933,237.247,415.415,1.34357,281.687,391.479,62.1267,198.362,449.399,159.272,172.922,470.71,190.567,154.568,492.244,223.85,190.511,508.599,222.19,208.231,487.197,186.699,222.082,465.46,157.046,135.572,596.058,256.129,139.236,517.826,250.324,120.436,551.355,266.138,-53.3595,469.259,152.966,-57.2375,478.454,178.552,-12.2736,475.142,181.155,-13.9435,465.839,155.444
94.1675,231.115,107.466,135.734,194.678,72.2959,196.624,344.547,91.7407,136.424,285.952,91.1913,183.241,247.697,71.9551,244.561,318.227,75.1339,238.103,415.607,2.07617,282.36,391.754,62.9056,198.706,449.693,159.723,173.15,470.989,190.921,154.689,492.536,224.123,190.606,508.969,222.499,208.443,487.548,187.104,222.402,465.796,157.526,135.495,596.322,256.194,139.262,518.109,250.513,120.401,551.616,266.245,-53.2118,469.239,152.983,-57.0987,478.428,178.573,-12.13,475.138,181.176,-13.7958,465.84,155.472
94.3062,232.201,108.701,135.847,195.422,73.8594,197.128,345.2,92.5829,136.763,286.808,92.2058,183.484,248.319,73.305,245.028,318.647,76.1858,238.944,415.784,2.81461,283.019,392.014,63.6904,199.041,449.981,160.18,173.373,471.266,191.28,154.808,492.828,224.401,190.699,509.335,222.813,208.65,487.893,187.513,222.716,466.125,158.01,135.421,596.586,256.261,139.288,518.394,250.705,120.367,551.88,266.355,-53.0619,469.22,153.001,-56.9576,478.405,178.596,-11.9843,475.135,181.2,-13.6458,465.844,155.501
94.4246,233.29,109.952,135.936,196.166,75.4412,197.614,345.846,93.4335,137.084,287.661,93.2289,183.705,248.937,74.6696,245.477,319.058,77.2483,239.768,415.947,3.55774,283.662,392.261,64.4802,199.368,450.264,160.642,173.59,471.54,191.643,154.925,493.118,224.683,190.79,509.698,223.129,208.852,488.233,187.925,223.021,466.446,158.498,135.349,596.852,256.328,139.314,518.679,250.899,120.335,552.145,266.466,-52.91,469.203,153.02,-56.8144,478.384,178.62,-11.8368,475.133,181.226,-13.4936,465.849,155.531
94.5223,234.381,111.218,136.002,196.911,77.0404,198.082,346.484,94.2915,137.389,288.511,94.2598,183.905,249.552,76.048,245.906,319.459,78.3203,240.576,416.095,4.30444,284.288,392.491,65.2736,199.685,450.54,161.108,173.802,471.81,192.01,155.04,493.408,224.968,190.879,510.056,223.448,209.049,488.567,188.339,223.319,466.759,158.99,135.281,597.119,256.396,139.34,518.965,251.096,120.304,552.411,266.578,-52.7562,469.189,153.04,-56.6691,478.365,178.646,-11.6875,475.132,181.254,-13.3393,465.856,155.563
94.5989,235.475,112.499,136.044,197.655,78.6564,198.532,347.116,95.1561,137.675,289.357,95.298,184.083,250.161,77.4392,246.314,319.85,79.401,241.366,416.226,5.05358,284.897,392.706,66.0697,199.994,450.81,161.578,174.008,472.077,192.38,155.152,493.697,225.257,190.966,510.41,223.769,209.242,488.895,188.755,223.609,467.062,159.484,135.215,597.386,256.465,139.366,519.25,251.295,120.276,552.678,266.691,-52.6007,469.175,153.062,-56.522,478.349,178.673,-11.5368,475.132,181.285,-13.1831,465.865,155.597
94.6541,236.57,113.793,136.061,198.399,80.2884,198.964,347.738,96.0263,137.944,290.198,96.3428,184.238,250.767,78.8421,246.701,320.231,80.4893,242.138,416.342,5.80402,285.488,392.905,66.8674,200.293,451.072,162.05,174.208,472.34,192.752,155.262,493.983,225.549,191.052,510.759,224.092,209.429,489.215,189.172,223.891,467.357,159.98,135.153,597.654,256.534,139.392,519.536,251.496,120.249,552.946,266.805,-52.4436,469.164,153.086,-56.3732,478.335,178.702,-11.3848,475.132,181.319,-13.025,465.876,155.632
94.6878,237.666,115.1,136.053,199.144,81.9356,199.377,348.353,96.9013,138.194,291.035,97.3937,184.371,251.367,80.2557,247.068,320.601,81.5843,242.892,416.44,6.55465,286.062,393.087,67.6654,200.583,451.327,162.524,174.402,472.598,193.127,155.37,494.268,225.843,191.136,511.103,224.416,209.611,489.528,189.59,224.165,467.641,160.477,135.094,597.922,256.603,139.419,519.82,251.698,120.225,553.214,266.919,-52.2851,469.155,153.11,-56.2228,478.323,178.732,-11.2318,475.132,181.355,-12.8653,465.889,155.669
94.6998,238.763,116.418,136.02,199.887,83.5971,199.771,348.958,97.7801,138.425,291.866,98.4498,184.481,251.961,81.6788,247.413,320.961,82.685,243.626,416.522,7.30435,286.616,393.252,68.4628,200.862,451.574,163,174.591,472.851,193.503,155.476,494.55,226.139,191.219,511.44,224.741,209.787,489.833,190.007,224.431,467.916,160.975,135.039,598.189,256.673,139.446,520.105,251.901,120.203,553.483,267.034,-52.1254,469.148,153.136,-56.071,478.314,178.764,-11.0779,475.133,181.394,-12.704,465.904,155.707
94.6902,239.861,117.748,135.961,200.631,85.2721,200.145,349.553,98.6616,138.638,292.692,99.5107,184.567,252.551,83.1104,247.736,321.311,83.7902,244.342,416.587,8.05203,287.152,393.4,69.2583,201.132,451.813,163.476,174.773,473.099,193.88,155.579,494.83,226.436,191.3,511.772,225.066,209.959,490.13,190.424,224.688,468.181,161.472,134.987,598.456,256.742,139.473,520.387,252.105,120.183,553.752,267.149,-51.9645,469.142,153.164,-55.918,478.308,178.798,-10.9234,475.134,181.436,-12.5414,465.921,155.747
94.6592,240.958,119.086,135.877,201.374,86.9596,200.501,350.139,99.5449,138.831,293.512,100.575,184.631,253.134,84.5491,248.038,321.65,84.899,245.038,416.634,8.79664,287.669,393.53,70.0509,201.393,452.043,163.952,174.949,473.342,194.257,155.679,495.107,226.734,191.379,512.097,225.391,210.125,490.418,190.839,224.936,468.435,161.969,134.94,598.723,256.81,139.501,520.669,252.31,120.166,554.021,267.264,-51.8026,469.139,153.192,-55.7638,478.304,178.833,-10.7684,475.135,181.481,-12.3776,465.94,155.788
94.6068,242.055,120.433,135.767,202.117,88.6585,200.838,350.714,100.429,139.005,294.326,101.643,184.672,253.712,85.9938,248.318,321.978,86.0102,245.714,416.664,9.53713,288.166,393.643,70.8396,201.643,452.265,164.428,175.119,473.58,194.634,155.778,495.38,227.033,191.457,512.415,225.715,210.286,490.698,191.252,225.176,468.678,162.464,134.896,598.988,256.879,139.53,520.949,252.514,120.152,554.289,267.379,-51.6399,469.138,153.223,-55.6086,478.303,178.87,-10.6132,475.137,181.528,-12.2126,465.961,155.831
94.5335,243.152,121.788,135.633,202.859,90.3679,201.155,351.279,101.312,139.16,295.134,102.714,184.69,254.284,87.4433,248.575,322.297,87.1227,246.371,416.676,10.2725,288.644,393.738,71.6233,201.883,452.478,164.902,175.283,473.811,195.011,155.874,495.65,227.332,191.534,512.727,226.037,210.442,490.969,191.663,225.407,468.91,162.956,134.857,599.252,256.946,139.559,521.227,252.718,120.14,554.556,267.493,-51.4765,469.138,153.254,-55.4526,478.304,178.909,-10.458,475.139,181.579,-12.0467,465.984,155.876
94.4396,244.247,123.148,135.473,203.6,92.0867,201.454,351.833,102.194,139.296,295.935,103.786,184.687,254.85,88.8962,248.812,322.604,88.2355,247.008,416.672,11.0018,289.102,393.816,72.401,202.113,452.683,165.374,175.441,474.037,195.386,155.968,495.916,227.631,191.609,513.031,226.358,210.593,491.23,192.071,225.63,469.131,163.445,134.822,599.515,257.013,139.589,521.504,252.922,120.131,554.823,267.606,-51.3126,469.141,153.287,-55.296,478.308,178.95,-10.303,475.14,181.632,-11.88,466.009,155.921
94.3257,245.34,124.513,135.29,204.341,93.8137,201.734,352.376,103.074,139.413,296.729,104.86,184.661,255.41,90.3514,249.026,322.902,89.3474,247.625,416.65,11.724,289.539,393.877,73.1718,202.333,452.878,165.842,175.593,474.257,195.759,156.06,496.179,227.928,191.683,513.328,226.677,210.739,491.483,192.475,225.844,469.342,163.93,134.792,599.776,257.078,139.62,521.778,253.125,120.125,555.089,267.719,-51.1483,469.146,153.322,-55.1388,478.315,178.992,-10.1483,475.142,181.687,-11.7126,466.036,155.969
94.1923,246.431,125.881,135.083,205.081,95.5478,201.995,352.908,103.95,139.51,297.515,105.934,184.614,255.964,91.8074,249.219,323.19,90.4573,248.222,416.612,12.4383,289.957,393.921,73.9347,202.543,453.064,166.308,175.74,474.471,196.13,156.15,496.437,228.224,191.756,513.617,226.993,210.88,491.726,192.875,226.05,469.541,164.411,134.765,600.036,257.143,139.652,522.049,253.326,120.121,555.353,267.83,-50.9838,469.154,153.357,-54.9812,478.324,179.036,-9.99421,475.144,181.746,-11.5446,466.065,156.017
94.0401,247.519,127.25,134.854,205.82,97.2876,202.238,353.428,104.821,139.589,298.295,107.007,184.547,256.513,93.2632,249.392,323.468,91.5641,248.8,416.558,13.1438,290.355,393.948,74.6887,202.743,453.242,166.769,175.88,474.679,196.499,156.237,496.691,228.519,191.828,513.899,227.307,211.017,491.959,193.27,226.248,469.729,164.887,134.744,600.293,257.206,139.685,522.318,253.527,120.121,555.616,267.939,-50.8191,469.163,153.394,-54.8233,478.336,179.082,-9.84084,475.146,181.807,-11.3763,466.096,156.067
93.8698,248.603,128.62,134.603,206.559,99.0321,202.463,353.937,105.686,139.649,299.067,108.08,184.459,257.055,94.7172,249.543,323.737,92.6667,249.358,416.488,13.8397,290.733,393.959,75.4331,202.934,453.41,167.225,176.015,474.88,196.863,156.323,496.941,228.811,191.9,514.174,227.616,211.148,492.184,193.66,226.437,469.907,165.357,134.727,600.549,257.267,139.719,522.585,253.725,120.124,555.877,268.047,-50.6544,469.175,153.433,-54.6654,478.351,179.13,-9.68839,475.147,181.871,-11.2077,466.129,156.119
93.6824,249.685,129.99,134.331,207.296,100.78,202.67,354.434,106.544,139.691,299.832,109.151,184.352,257.592,96.1684,249.675,323.997,93.7638,249.897,416.402,14.5252,291.091,393.954,76.1671,203.115,453.57,167.676,176.144,475.075,197.224,156.406,497.186,229.1,191.97,514.441,227.922,211.275,492.399,194.044,226.618,470.073,165.821,134.715,600.802,257.327,139.754,522.848,253.922,120.129,556.137,268.154,-50.4898,469.189,153.473,-54.5074,478.368,179.179,-9.53702,475.149,181.938,-11.039,466.164,156.171
93.4787,250.762,131.357,134.039,208.033,102.529,202.86,354.921,107.395,139.715,300.589,110.22,184.227,258.123,97.6155,249.787,324.248,94.8546,250.417,416.302,15.1996,291.429,393.934,76.8898,203.287,453.721,168.121,176.268,475.264,197.581,156.488,497.426,229.386,192.04,514.7,228.223,211.398,492.604,194.422,226.792,470.229,166.277,134.707,601.052,257.385,139.79,523.108,254.116,120.138,556.395,268.258,-50.3255,469.205,153.514,-54.3495,478.389,179.23,-9.38687,475.15,182.007,-10.8703,466.202,156.225
93.2598,251.834,132.72,133.729,208.769,104.28,203.034,355.395,108.236,139.722,301.338,111.286,184.085,258.649,99.0572,249.881,324.49,95.9378,250.919,416.188,15.8621,291.749,393.9,77.6005,203.45,453.863,168.559,176.387,475.447,197.933,156.568,497.662,229.669,192.109,514.951,228.519,211.516,492.801,194.794,226.957,470.375,166.727,134.704,601.301,257.441,139.827,523.366,254.307,120.15,556.651,268.361,-50.1616,469.223,153.556,-54.192,478.412,179.282,-9.23808,475.152,182.078,-10.7018,466.241,156.28
93.0266,252.902,134.078,133.401,209.504,106.029,203.192,355.859,109.068,139.712,302.08,112.348,183.926,259.17,100.492,249.956,324.725,97.0124,251.403,416.06,16.5121,292.049,393.851,78.2985,203.604,453.998,168.99,176.5,475.623,198.279,156.646,497.894,229.948,192.178,515.195,228.811,211.631,492.988,195.158,227.115,470.511,167.168,134.706,601.546,257.494,139.866,523.62,254.496,120.166,556.904,268.46,-49.9981,469.244,153.6,-54.0348,478.437,179.336,-9.09079,475.153,182.152,-10.5335,466.282,156.336
92.7804,253.965,135.431,133.057,210.238,107.776,203.334,356.311,109.888,139.686,302.814,113.407,183.751,259.686,101.92,250.014,324.951,98.0774,251.868,415.92,17.1491,292.331,393.79,78.9834,203.749,454.124,169.414,176.609,475.794,198.621,156.722,498.12,230.223,192.247,515.431,229.096,211.741,493.166,195.516,227.266,470.636,167.602,134.712,601.789,257.546,139.906,523.871,254.682,120.184,557.155,268.558,-49.8352,469.267,153.644,-53.8781,478.466,179.392,-8.94511,475.155,182.228,-10.3655,466.325,156.393
92.5223,255.022,136.776,132.699,210.972,109.52,203.461,356.753,110.697,139.644,303.541,114.46,183.562,260.197,103.338,250.055,325.171,99.1317,252.317,415.768,17.7725,292.595,393.716,79.6543,203.886,454.242,169.83,176.713,475.959,198.956,156.797,498.342,230.493,192.315,515.66,229.377,211.848,493.336,195.865,227.41,470.753,168.026,134.723,602.029,257.596,139.947,524.118,254.864,120.206,557.404,268.653,-49.673,469.292,153.69,-53.722,478.497,179.449,-8.80113,475.156,182.306,-10.1981,466.37,156.451
92.2536,256.074,138.112,132.328,211.704,111.259,203.574,357.184,111.494,139.588,304.26,115.508,183.36,260.704,104.747,250.08,325.384,100.174,252.749,415.605,18.3817,292.841,393.631,80.311,204.015,454.353,170.237,176.813,476.118,199.285,156.871,498.559,230.758,192.383,515.881,229.651,211.951,493.498,196.207,227.547,470.86,168.441,134.739,602.266,257.643,139.99,524.362,255.043,120.23,557.651,268.745,-49.5116,469.319,153.737,-53.5665,478.531,179.508,-8.65896,475.158,182.387,-10.0313,466.417,156.51
91.9755,257.12,139.44,131.945,212.436,112.991,203.674,357.604,112.277,139.519,304.972,116.55,183.145,261.207,106.145,250.091,325.59,101.205,253.165,415.432,18.9763,293.071,393.535,80.9528,204.136,454.457,170.635,176.909,476.271,199.607,156.943,498.772,231.018,192.45,516.096,229.918,212.051,493.652,196.54,227.677,470.959,168.847,134.759,602.501,257.688,140.035,524.603,255.218,120.258,557.895,268.835,-49.3511,469.349,153.785,-53.4119,478.568,179.568,-8.51865,475.16,182.469,-9.86521,466.466,156.57
91.6895,258.16,140.757,131.552,213.167,114.716,203.761,358.015,113.046,139.437,305.677,117.585,182.92,261.707,107.531,250.088,325.791,102.221,253.566,415.25,19.556,293.284,393.43,81.5795,204.251,454.554,171.025,177.001,476.419,199.923,157.014,498.98,231.273,192.518,516.304,230.179,212.148,493.798,196.865,227.801,471.05,169.243,134.783,602.732,257.73,140.081,524.841,255.39,120.289,558.137,268.921,-49.1915,469.381,153.834,-53.2582,478.607,179.629,-8.38028,475.162,182.553,-9.69993,466.517,156.63
91.3969,259.194,142.062,131.151,213.898,116.431,203.836,358.416,113.8,139.345,306.375,118.613,182.685,262.202,108.903,250.072,325.987,103.224,253.952,415.059,20.1204,293.482,393.316,82.1907,204.358,454.645,171.405,177.089,476.562,200.232,157.084,499.183,231.522,192.586,516.504,230.434,212.242,493.936,197.181,227.92,471.134,169.628,134.812,602.961,257.769,140.128,525.075,255.557,120.323,558.376,269.005,-49.033,469.416,153.884,-53.1054,478.649,179.691,-8.24387,475.165,182.638,-9.53557,466.57,156.692
91.099,260.222,143.356,130.743,214.627,118.136,203.9,358.809,114.539,139.242,307.066,119.633,182.441,262.695,110.262,250.045,326.177,104.211,254.323,414.862,20.6692,293.664,393.195,82.7861,204.459,454.73,171.775,177.174,476.7,200.533,157.153,499.382,231.765,192.654,516.699,230.681,212.333,494.068,197.489,228.033,471.21,170.004,134.844,603.186,257.807,140.177,525.306,255.721,120.359,558.612,269.085,-48.8755,469.453,153.935,-52.9537,478.693,179.755,-8.10945,475.168,182.725,-9.37222,466.625,156.754
90.7974,261.244,144.637,130.329,215.356,119.829,203.954,359.192,115.263,139.13,307.751,120.644,182.19,263.185,111.606,250.007,326.364,105.183,254.681,414.658,21.2021,293.833,393.067,83.3656,204.554,454.81,172.135,177.256,476.834,200.827,157.221,499.577,232.002,192.722,516.887,230.921,212.422,494.194,197.787,228.14,471.28,170.369,134.881,603.409,257.841,140.228,525.534,255.88,120.399,558.846,269.163,-48.7193,469.492,153.987,-52.8031,478.74,179.82,-7.97705,475.172,182.813,-9.20998,466.681,156.816
90.4934,262.259,145.905,129.912,216.085,121.509,203.999,359.568,115.971,139.011,308.43,121.645,181.933,263.672,112.935,249.959,326.547,106.138,255.026,414.449,21.7191,293.988,392.934,83.9291,204.643,454.885,172.485,177.335,476.963,201.113,157.289,499.768,232.233,192.791,517.07,231.154,212.509,494.313,198.076,228.243,471.344,170.723,134.922,603.629,257.873,140.28,525.758,256.035,120.441,559.077,269.237,-48.5643,469.533,154.04,-52.6537,478.79,179.886,-7.84665,475.177,182.902,-9.04892,466.74,156.879
90.1883,263.269,147.158,129.493,216.813,123.174,204.035,359.936,116.662,138.886,309.103,122.637,181.672,264.158,114.247,249.903,326.727,107.076,255.358,414.236,22.22,294.132,392.797,84.4764,204.727,454.955,172.826,177.411,477.088,201.391,157.356,499.955,232.457,192.859,517.247,231.379,212.594,494.427,198.356,228.342,471.403,171.066,134.967,603.846,257.902,140.333,525.979,256.185,120.486,559.305,269.308,-48.4105,469.577,154.093,-52.5055,478.842,179.953,-7.71824,475.183,182.992,-8.88913,466.8,156.943
89.8837,264.272,148.397,129.073,217.54,124.824,204.064,360.297,117.337,138.756,309.77,123.619,181.407,264.641,115.542,249.84,326.904,107.996,255.679,414.019,22.7047,294.264,392.656,85.0076,204.807,455.022,173.156,177.486,477.21,201.661,157.422,500.138,232.675,192.929,517.418,231.597,212.677,494.536,198.627,228.437,471.457,171.399,135.015,604.06,257.928,140.389,526.198,256.331,120.534,559.531,269.376,-48.2582,469.623,154.147,-52.3587,478.896,180.02,-7.59179,475.19,183.082,-8.73068,466.862,157.006
89.5808,265.269,149.62,128.654,218.267,126.456,204.086,360.651,117.996,138.622,310.433,124.589,181.14,265.124,116.819,249.771,327.079,108.898,255.989,413.8,23.1732,294.385,392.514,85.5227,204.883,455.085,173.475,177.558,477.329,201.924,157.489,500.318,232.886,192.998,517.585,231.807,212.758,494.64,198.888,228.528,471.507,171.721,135.066,604.271,257.952,140.445,526.413,256.472,120.584,559.755,269.44,-48.1072,469.671,154.202,-52.2132,478.953,180.089,-7.46726,475.199,183.173,-8.57363,466.926,157.071
89.281,266.26,150.828,128.237,218.994,128.07,204.103,361,118.638,138.487,311.09,125.548,180.872,265.605,118.077,249.697,327.253,109.782,256.288,413.579,23.6255,294.497,392.371,86.0219,204.955,455.145,173.785,177.629,477.444,202.178,157.555,500.495,233.091,193.068,517.747,232.01,212.839,494.74,199.141,228.617,471.554,172.032,135.121,604.48,257.973,140.504,526.626,256.608,120.637,559.976,269.501,-47.9577,469.721,154.257,-52.069,479.013,180.158,-7.34461,475.209,183.265,-8.41805,466.992,157.135
88.9855,267.245,152.019,127.824,219.72,129.665,204.115,361.345,119.263,138.351,311.744,126.494,180.605,266.086,119.317,249.619,327.425,110.647,256.578,413.359,24.0616,294.601,392.228,86.5052,205.024,455.203,174.084,177.699,477.557,202.425,157.621,500.668,233.289,193.139,517.906,232.204,212.918,494.837,199.384,228.702,471.599,172.332,135.178,604.686,257.992,140.564,526.836,256.74,120.692,560.195,269.559,-47.8096,469.774,154.313,-51.9263,479.074,180.227,-7.22377,475.221,183.356,-8.264,467.059,157.199
88.6957,268.223,153.193,127.416,220.446,131.239,204.124,361.685,119.872,138.216,312.394,127.428,180.339,266.566,120.536,249.539,327.598,111.493,256.858,413.138,24.4818,294.697,392.086,86.9731,205.09,455.259,174.373,177.768,477.668,202.663,157.687,500.839,233.481,193.21,518.06,232.392,212.997,494.932,199.618,228.785,471.641,172.621,135.239,604.889,258.008,140.625,527.043,256.867,120.749,560.411,269.614,-47.6631,469.828,154.369,-51.7851,479.138,180.298,-7.10467,475.235,183.447,-8.11154,467.128,157.264
88.4125,269.196,154.349,127.015,221.172,132.792,204.129,362.021,120.466,138.082,313.04,128.348,180.075,267.046,121.735,249.457,327.771,112.32,257.13,412.918,24.8861,294.788,391.946,87.4257,205.154,455.315,174.652,177.835,477.777,202.894,157.753,501.007,233.665,193.281,518.211,232.571,213.075,495.023,199.843,228.866,471.681,172.9,135.302,605.091,258.021,140.688,527.248,256.989,120.808,560.625,269.666,-47.518,469.885,154.425,-51.6453,479.204,180.368,-6.98724,475.252,183.538,-7.9607,467.199,157.328
88.1372,270.163,155.488,126.621,221.898,134.321,204.134,362.355,121.044,137.952,313.683,129.255,179.816,267.527,122.914,249.375,327.945,113.127,257.394,412.7,25.2748,294.873,391.81,87.8633,205.217,455.369,174.921,177.903,477.884,203.117,157.82,501.173,233.844,193.354,518.36,232.744,213.152,495.113,200.06,228.946,471.721,173.169,135.367,605.289,258.032,140.752,527.451,257.107,120.868,560.836,269.714,-47.3746,469.944,154.482,-51.507,479.272,180.439,-6.87141,475.27,183.629,-7.81153,467.272,157.393
87.8707,271.124,156.609,126.235,222.625,135.827,204.137,362.686,121.607,137.826,314.323,130.147,179.561,268.009,124.071,249.294,328.12,113.915,257.65,412.485,25.6481,294.954,391.678,88.2865,205.279,455.423,175.181,177.97,477.991,203.332,157.887,501.337,234.015,193.426,518.506,232.908,213.23,495.202,200.268,229.025,471.761,173.427,135.434,605.486,258.041,140.817,527.652,257.221,120.931,561.046,269.76,-47.2327,470.005,154.539,-51.3702,479.342,180.51,-6.75711,475.292,183.718,-7.66406,467.346,157.457
87.6141,272.079,157.711,125.859,223.352,137.309,204.141,363.017,122.155,137.705,314.961,131.024,179.313,268.492,125.207,249.214,328.298,114.684,257.9,412.273,26.0063,295.031,391.551,88.6955,205.34,455.478,175.431,178.038,478.097,203.54,157.954,501.499,234.18,193.5,518.649,233.066,213.307,495.29,200.468,229.103,471.802,173.676,135.503,605.681,258.047,140.884,527.851,257.329,120.995,561.254,269.803,-47.0924,470.068,154.596,-51.235,479.414,180.581,-6.64424,475.315,183.807,-7.51834,467.421,157.522
87.3682,273.03,158.794,125.494,224.079,138.765,204.145,363.346,122.689,137.591,315.597,131.886,179.071,268.977,126.321,249.138,328.478,115.433,258.143,412.064,26.3496,295.107,391.43,89.091,205.4,455.534,175.672,178.105,478.203,203.74,158.022,501.66,234.339,193.573,518.792,233.216,213.385,495.379,200.66,229.181,471.844,173.915,135.574,605.874,258.051,140.952,528.048,257.434,121.06,561.46,269.842,-46.9537,470.133,154.653,-51.1013,479.488,180.653,-6.53272,475.342,183.895,-7.37438,467.499,157.586
87.1338,273.975,159.858,125.14,224.807,140.194,204.152,363.676,123.21,137.483,316.231,132.732,178.837,269.463,127.413,249.065,328.661,116.164,258.379,411.86,26.6786,295.183,391.316,89.4734,205.461,455.591,175.904,178.174,478.308,203.933,158.091,501.819,234.492,193.648,518.932,233.36,213.463,495.467,200.844,229.258,471.887,174.145,135.646,606.065,258.053,141.021,528.244,257.534,121.126,561.664,269.879,-46.8166,470.2,154.71,-50.9691,479.564,180.724,-6.42249,475.372,183.982,-7.23221,467.578,157.649
86.9116,274.915,160.903,124.798,225.537,141.597,204.161,364.007,123.718,137.383,316.865,133.561,178.612,269.953,128.483,248.996,328.848,116.875,258.61,411.66,26.9935,295.258,391.21,89.8433,205.523,455.65,176.128,178.243,478.415,204.119,158.16,501.978,234.639,193.722,519.073,233.497,213.542,495.557,201.021,229.337,471.933,174.367,135.719,606.255,258.054,141.091,528.438,257.629,121.194,561.867,269.914,-46.6811,470.269,154.767,-50.8385,479.642,180.795,-6.31345,475.405,184.067,-7.09184,467.658,157.712
86.7022,275.85,161.928,124.469,226.267,142.973,204.175,364.339,124.215,137.292,317.497,134.375,178.397,270.445,129.531,248.933,329.039,117.568,258.836,411.466,27.2948,295.334,391.113,90.2012,205.586,455.712,176.344,178.313,478.522,204.298,158.231,502.136,234.78,193.798,519.213,233.627,213.622,495.648,201.19,229.416,471.982,174.58,135.793,606.443,258.052,141.162,528.631,257.721,121.262,562.068,269.946,-46.5472,470.34,154.824,-50.7093,479.721,180.865,-6.20552,475.441,184.151,-6.95328,467.74,157.775
86.5063,276.781,162.933,124.153,226.999,144.32,204.193,364.674,124.699,137.21,318.129,135.171,178.191,270.94,130.556,248.877,329.235,118.243,259.057,411.277,27.583,295.412,391.024,90.5479,205.65,455.777,176.552,178.384,478.631,204.471,158.301,502.294,234.915,193.873,519.352,233.751,213.702,495.741,201.353,229.496,472.034,174.785,135.867,606.631,258.048,141.233,528.824,257.808,121.331,562.267,269.975,-46.4149,470.412,154.881,-50.5817,479.802,180.936,-6.09863,475.48,184.234,-6.81654,467.823,157.838
86.3242,277.708,163.919,123.851,227.733,145.64,204.216,365.011,125.174,137.137,318.762,135.95,177.997,271.439,131.56,248.828,329.437,118.901,259.273,411.095,27.8585,295.494,390.946,90.884,205.717,455.845,176.753,178.457,478.741,204.637,158.373,502.452,235.045,193.949,519.493,233.869,213.784,495.837,201.51,229.577,472.091,174.982,135.941,606.817,258.043,141.305,529.016,257.892,121.4,562.466,270.002,-46.2841,470.487,154.938,-50.4555,479.885,181.006,-5.9927,475.523,184.314,-6.68163,467.908,157.9
86.1564,278.632,164.884,123.563,228.469,146.931,204.246,365.352,125.638,137.074,319.395,136.712,177.814,271.942,132.541,248.787,329.644,119.541,259.485,410.918,28.1219,295.579,390.878,91.2102,205.785,455.917,176.947,178.531,478.853,204.798,158.446,502.61,235.17,194.026,519.635,233.982,213.866,495.936,201.66,229.661,472.152,175.173,136.016,607.002,258.036,141.378,529.207,257.972,121.47,562.664,270.028,-46.1549,470.563,154.994,-50.3309,479.969,181.075,-5.88766,475.569,184.393,-6.54854,467.994,157.961
86.0032,279.553,165.829,123.29,229.207,148.193,204.283,365.698,126.094,137.022,320.029,137.456,177.643,272.451,133.501,248.754,329.858,120.165,259.693,410.748,28.3738,295.669,390.821,91.5272,205.856,455.993,177.135,178.607,478.968,204.953,158.519,502.769,235.289,194.103,519.777,234.089,213.95,496.039,201.806,229.746,472.218,175.357,136.09,607.187,258.028,141.452,529.398,258.049,121.539,562.86,270.051,-46.0273,470.64,155.051,-50.2077,480.054,181.144,-5.78343,475.619,184.469,-6.41726,468.081,158.021
85.8648,280.471,166.754,123.033,229.949,149.428,204.328,366.048,126.541,136.98,320.664,138.182,177.485,272.964,134.44,248.731,330.079,120.773,259.897,410.586,28.6147,295.765,390.776,91.8357,205.93,456.074,177.317,178.685,479.085,205.103,158.594,502.928,235.404,194.179,519.922,234.192,214.035,496.145,201.946,229.833,472.29,175.535,136.163,607.371,258.019,141.525,529.589,258.122,121.608,563.056,270.072,-45.9012,470.719,155.106,-50.0859,480.141,181.212,-5.67994,475.673,184.544,-6.28779,468.17,158.081
85.7412,281.388,167.659,122.79,230.694,150.633,204.381,366.403,126.981,136.95,321.302,138.892,177.339,273.483,135.357,248.717,330.307,121.366,260.097,410.43,28.8452,295.866,390.743,92.1364,206.008,456.16,177.493,178.765,479.206,205.247,158.669,503.089,235.515,194.257,520.069,234.289,214.122,496.256,202.081,229.923,472.368,175.707,136.236,607.555,258.009,141.599,529.78,258.192,121.677,563.252,270.092,-45.7766,470.8,155.162,-49.9655,480.229,181.279,-5.57713,475.731,184.616,-6.1601,468.26,158.141
85.6327,282.303,168.544,122.562,231.443,151.811,204.444,366.765,127.414,136.931,321.942,139.584,177.207,274.009,136.255,248.714,330.544,121.945,260.295,410.282,29.066,295.975,390.722,92.4302,206.089,456.251,177.664,178.847,479.329,205.388,158.745,503.251,235.621,194.334,520.219,234.383,214.21,496.372,202.212,230.016,472.452,175.875,136.307,607.739,257.997,141.673,529.971,258.259,121.746,563.447,270.111,-45.6534,470.882,155.216,-49.8465,480.318,181.346,-5.47492,475.792,184.687,-6.03418,468.351,158.199
85.5391,283.218,169.41,122.35,232.197,152.962,204.516,367.133,127.841,136.923,322.586,140.258,177.088,274.541,137.132,248.721,330.789,122.51,260.49,410.142,29.2778,296.092,390.715,92.7178,206.173,456.349,177.831,178.931,479.457,205.524,158.822,503.414,235.723,194.411,520.372,234.473,214.299,496.493,202.34,230.112,472.544,176.038,136.377,607.923,257.985,141.747,530.163,258.324,121.814,563.642,270.128,-45.5317,470.965,155.271,-49.7288,480.408,181.411,-5.37326,475.857,184.754,-5.91001,468.443,158.257
85.4604,284.132,170.255,122.153,232.955,154.086,204.599,367.508,128.263,136.927,323.234,140.917,176.983,275.081,137.991,248.74,331.043,123.063,260.682,410.01,29.4812,296.217,390.721,93,206.261,456.452,177.995,179.018,479.588,205.656,158.9,503.579,235.822,194.489,520.528,234.559,214.39,496.62,202.464,230.211,472.642,176.197,136.445,608.107,257.972,141.821,530.355,258.386,121.881,563.837,270.144,-45.4114,471.05,155.325,-49.6124,480.499,181.476,-5.27207,475.926,184.82,-5.78756,468.537,158.314
85.3963,285.048,171.082,121.972,233.719,155.183,204.692,367.891,128.681,136.943,323.887,141.559,176.892,275.629,138.831,248.77,331.307,123.604,260.873,409.886,29.677,296.35,390.741,93.2774,206.354,456.562,178.155,179.106,479.724,205.784,158.978,503.747,235.918,194.566,520.688,234.642,214.483,496.753,202.585,230.313,472.748,176.354,136.512,608.292,257.959,141.894,530.549,258.445,121.947,564.031,270.159,-45.2924,471.136,155.378,-49.4973,480.592,181.539,-5.1713,475.999,184.882,-5.6668,468.632,158.37
85.3468,285.966,171.89,121.806,234.49,156.256,204.797,368.283,129.095,136.972,324.545,142.185,176.815,276.186,139.653,248.812,331.581,124.134,261.062,409.771,29.8659,296.493,390.775,93.551,206.451,456.679,178.312,179.197,479.865,205.91,159.058,503.917,236.01,194.643,520.852,234.722,214.577,496.892,202.704,230.418,472.862,176.507,136.576,608.477,257.946,141.967,530.743,258.503,122.011,564.227,270.174,-45.1748,471.224,155.43,-49.3834,480.684,181.602,-5.07089,476.076,184.943,-5.5477,468.727,158.425
85.3115,286.887,172.679,121.656,235.268,157.304,204.913,368.683,129.505,137.012,325.209,142.796,176.751,276.752,140.459,248.865,331.866,124.654,261.25,409.665,30.0486,296.646,390.824,93.8214,206.552,456.803,178.466,179.291,480.01,206.033,159.138,504.089,236.1,194.72,521.02,234.8,214.673,497.038,202.821,230.527,472.984,176.658,136.638,608.663,257.932,142.04,530.939,258.559,122.074,564.422,270.187,-45.0585,471.312,155.482,-49.2707,480.778,181.663,-4.97078,476.157,185,-5.43022,468.824,158.48
85.2901,287.811,173.45,121.52,236.053,158.328,205.042,369.092,129.913,137.065,325.881,143.393,176.701,277.327,141.248,248.931,332.161,125.165,261.437,409.568,30.2259,296.808,390.886,94.0893,206.658,456.933,178.619,179.386,480.16,206.153,159.218,504.264,236.187,194.797,521.194,234.876,214.77,497.19,202.936,230.64,473.115,176.808,136.697,608.85,257.918,142.111,531.136,258.613,122.136,564.618,270.201,-44.9434,471.402,155.533,-49.1591,480.873,181.723,-4.8709,476.242,185.055,-5.31433,468.922,158.533
85.2821,288.74,174.203,121.399,236.847,159.331,205.182,369.51,130.319,137.129,326.56,143.977,176.664,277.913,142.023,249.008,332.468,125.668,261.624,409.48,30.3985,296.981,390.964,94.3556,206.768,457.072,178.771,179.485,480.315,206.272,159.3,504.442,236.273,194.874,521.372,234.951,214.869,497.35,203.051,230.756,473.254,176.957,136.754,609.039,257.905,142.182,531.335,258.666,122.196,564.815,270.214,-44.8296,471.492,155.584,-49.0485,480.968,181.782,-4.7712,476.33,185.108,-5.19998,469.021,158.586
85.2871,289.674,174.94,121.293,237.65,160.313,205.335,369.939,130.723,137.207,327.247,144.547,176.641,278.51,142.784,249.098,332.786,126.165,261.811,409.402,30.5673,297.165,391.057,94.6208,206.884,457.218,178.922,179.585,480.476,206.389,159.381,504.623,236.356,194.95,521.556,235.024,214.97,497.517,203.165,230.875,473.403,177.105,136.807,609.228,257.892,142.252,531.535,258.717,122.253,565.013,270.228,-44.7169,471.584,155.633,-48.9391,481.063,181.839,-4.67162,476.423,185.157,-5.08713,469.12,158.637
85.3047,290.614,175.66,121.2,238.463,161.275,205.499,370.379,131.127,137.296,327.944,145.105,176.631,279.118,143.531,249.2,333.116,126.655,261.999,409.334,30.7328,297.359,391.164,94.8858,207.004,457.372,179.073,179.688,480.642,206.504,159.464,504.808,236.439,195.026,521.746,235.097,215.072,497.692,203.279,230.999,473.56,177.253,136.858,609.419,257.879,142.321,531.738,258.768,122.309,565.211,270.241,-44.6053,471.676,155.682,-48.8306,481.159,181.895,-4.57211,476.52,185.204,-4.97573,469.221,158.688
85.3343,291.562,176.363,121.122,239.287,162.219,205.676,370.829,131.529,137.397,328.65,145.653,176.634,279.738,144.267,249.314,333.459,127.141,262.189,409.276,30.896,297.564,391.287,95.1511,207.128,457.533,179.224,179.793,480.813,206.619,159.546,504.996,236.52,195.101,521.941,235.169,215.175,497.874,203.393,231.126,473.726,177.401,136.905,609.612,257.867,142.389,531.942,258.818,122.363,565.411,270.255,-44.4949,471.769,155.73,-48.723,481.255,181.95,-4.4726,476.62,185.249,-4.86575,469.322,158.738
85.3754,292.519,177.052,121.056,240.122,163.145,205.864,371.291,131.931,137.51,329.367,146.19,176.649,280.371,144.991,249.439,333.814,127.623,262.38,409.229,31.0575,297.779,391.424,95.4173,207.258,457.703,179.375,179.901,480.991,206.734,159.629,505.187,236.6,195.176,522.142,235.242,215.28,498.064,203.508,231.257,473.902,177.551,136.948,609.807,257.855,142.455,532.149,258.868,122.414,565.612,270.269,-44.3854,471.863,155.777,-48.6163,481.352,182.004,-4.37304,476.725,185.29,-4.75712,469.425,158.787
85.4275,293.484,177.726,121.003,240.969,164.057,206.065,371.765,132.333,137.635,330.095,146.717,176.675,281.016,145.706,249.576,334.182,128.101,262.574,409.192,31.218,298.006,391.577,95.6851,207.392,457.881,179.528,180.01,481.174,206.848,159.712,505.382,236.68,195.25,522.35,235.314,215.386,498.262,203.623,231.391,474.087,177.701,136.988,610.003,257.845,142.52,532.358,258.917,122.463,565.815,270.284,-44.2769,471.957,155.824,-48.5105,481.449,182.056,-4.27338,476.834,185.329,-4.64981,469.528,158.835
85.4899,294.459,178.387,120.963,241.828,164.953,206.276,372.25,132.735,137.771,330.835,147.236,176.714,281.675,146.412,249.724,334.562,128.578,262.77,409.166,31.3783,298.243,391.744,95.9551,207.53,458.066,179.682,180.122,481.364,206.963,159.796,505.582,236.759,195.323,522.564,235.388,215.493,498.469,203.741,231.529,474.282,177.854,137.023,610.201,257.835,142.584,532.57,258.967,122.509,566.019,270.3,-44.1694,472.052,155.87,-48.4054,481.546,182.106,-4.17355,476.946,185.364,-4.54376,469.632,158.881
85.5621,295.446,179.035,120.934,242.701,165.837,206.499,372.748,133.137,137.918,331.587,147.748,176.763,282.347,147.109,249.884,334.955,129.053,262.969,409.152,31.5389,298.49,391.925,96.2277,207.674,458.26,179.839,180.236,481.559,207.079,159.879,505.784,236.839,195.395,522.785,235.463,215.601,498.683,203.86,231.671,474.486,178.009,137.055,610.402,257.827,142.645,532.784,259.017,122.553,566.225,270.317,-44.0628,472.148,155.914,-48.3011,481.644,182.156,-4.07349,477.063,185.398,-4.43891,469.736,158.928
85.6435,296.443,179.671,120.916,243.587,166.709,206.731,373.258,133.54,138.076,332.352,148.252,176.822,283.033,147.8,250.054,335.361,129.529,263.172,409.148,31.7006,298.748,392.122,96.5035,207.821,458.463,179.997,180.351,481.761,207.195,159.962,505.991,236.919,195.467,523.012,235.539,215.711,498.905,203.981,231.815,474.699,178.166,137.083,610.604,257.82,142.706,533,259.067,122.593,566.432,270.335,-43.957,472.244,155.958,-48.1975,481.741,182.203,-3.97316,477.183,185.428,-4.33522,469.842,158.973
85.7335,297.453,180.296,120.908,244.488,167.571,206.974,373.78,133.944,138.243,333.129,148.751,176.891,283.732,148.485,250.234,335.78,130.004,263.378,409.155,31.864,299.015,392.332,96.7829,207.973,458.673,180.159,180.468,481.968,207.313,160.045,506.202,237,195.538,523.245,235.618,215.821,499.135,204.105,231.963,474.922,178.327,137.106,610.81,257.814,142.764,533.22,259.118,122.631,566.641,270.354,-43.8519,472.341,156.002,-48.0944,481.839,182.249,-3.8725,477.307,185.455,-4.23263,469.947,159.017
85.8316,298.476,180.91,120.91,245.402,168.424,207.226,374.315,134.348,138.421,333.92,149.246,176.97,284.445,149.164,250.424,336.211,130.481,263.588,409.173,32.0296,299.293,392.556,97.0664,208.129,458.891,180.323,180.587,482.182,207.433,160.127,506.418,237.082,195.607,523.486,235.698,215.932,499.374,204.232,232.114,475.154,178.491,137.126,611.017,257.81,142.82,533.442,259.17,122.666,566.852,270.375,-43.7477,472.438,156.044,-47.992,481.936,182.294,-3.77145,477.435,185.48,-4.13109,470.054,159.06
85.9373,299.512,181.516,120.921,246.331,169.269,207.488,374.863,134.754,138.608,334.723,149.736,177.057,285.173,149.84,250.623,336.654,130.96,263.803,409.203,32.1979,299.579,392.794,97.3544,208.289,459.117,180.492,180.708,482.401,207.554,160.209,506.637,237.165,195.676,523.733,235.781,216.044,499.62,204.362,232.268,475.395,178.658,137.141,611.227,257.807,142.874,533.666,259.224,122.698,567.065,270.398,-43.6441,472.535,156.085,-47.89,482.033,182.337,-3.66995,477.567,185.502,-4.03055,470.161,159.102
86.0501,300.562,182.113,120.941,247.275,170.107,207.757,375.424,135.162,138.803,335.54,150.223,177.152,285.914,150.512,250.831,337.11,131.442,264.022,409.243,32.3695,299.874,393.045,97.6472,208.452,459.351,180.663,180.83,482.627,207.678,160.291,506.86,237.25,195.743,523.986,235.866,216.156,499.873,204.495,232.425,475.645,178.83,137.151,611.439,257.806,142.927,533.894,259.278,122.726,567.28,270.422,-43.5412,472.633,156.126,-47.7886,482.131,182.379,-3.56796,477.703,185.522,-3.93095,470.269,159.144
86.1695,301.627,182.703,120.967,248.233,170.94,208.035,375.997,135.571,139.007,336.371,150.707,177.254,286.669,151.182,251.047,337.578,131.927,264.246,409.295,32.5448,300.178,393.309,97.945,208.62,459.593,180.839,180.953,482.858,207.804,160.372,507.088,237.336,195.81,524.247,235.955,216.269,500.135,204.632,232.584,475.904,179.005,137.158,611.654,257.807,142.977,534.125,259.335,122.752,567.497,270.448,-43.4389,472.731,156.166,-47.6875,482.228,182.419,-3.46541,477.843,185.539,-3.83223,470.377,159.185
86.2951,302.705,183.287,121.001,249.207,171.769,208.32,376.582,135.982,139.218,337.214,151.19,177.363,287.437,151.85,251.27,338.057,132.415,264.474,409.356,32.7242,300.49,393.585,98.2483,208.79,459.842,181.02,181.077,483.095,207.933,160.452,507.319,237.424,195.875,524.514,236.046,216.382,500.404,204.773,232.745,476.172,179.185,137.159,611.872,257.81,143.025,534.358,259.392,122.774,567.717,270.476,-43.3372,472.829,156.205,-47.5868,482.325,182.458,-3.36227,477.986,185.553,-3.73435,470.485,159.224
86.4265,303.798,183.866,121.041,250.194,172.594,208.612,377.179,136.396,139.437,338.071,151.673,177.479,288.218,152.518,251.501,338.546,132.908,264.706,409.429,32.9081,300.808,393.872,98.5572,208.963,460.099,181.204,181.201,483.338,208.065,160.532,507.555,237.514,195.938,524.787,236.141,216.495,500.68,204.918,232.909,476.448,179.37,137.157,612.092,257.814,143.071,534.594,259.452,122.794,567.938,270.506,-43.236,472.927,156.243,-47.4865,482.421,182.495,-3.25848,478.133,185.565,-3.63726,470.594,159.263
86.5634,304.906,184.441,121.087,251.196,173.417,208.909,377.788,136.812,139.662,338.939,152.155,177.6,289.012,153.185,251.739,339.047,133.405,264.943,409.511,33.0969,301.134,394.171,98.8718,209.139,460.362,181.394,181.327,483.586,208.2,160.61,507.795,237.607,196.001,525.067,236.24,216.609,500.963,205.067,233.074,476.732,179.56,137.15,612.314,257.821,143.114,534.833,259.514,122.81,568.161,270.538,-43.1354,473.025,156.281,-47.3864,482.517,182.531,-3.15399,478.283,185.574,-3.54089,470.704,159.302
86.7054,306.028,185.013,121.138,252.211,174.239,209.213,378.408,137.23,139.893,339.82,152.638,177.726,289.819,153.853,251.982,339.557,133.907,265.185,409.603,33.2907,301.465,394.48,99.1925,209.318,460.632,181.588,181.453,483.839,208.338,160.688,508.038,237.702,196.061,525.353,236.343,216.722,501.252,205.22,233.241,477.024,179.755,137.138,612.54,257.829,143.155,535.074,259.578,122.822,568.387,270.572,-43.0351,473.123,156.318,-47.2866,482.613,182.565,-3.04877,478.437,185.58,-3.44521,470.814,159.339
86.8524,307.165,185.582,121.193,253.24,175.06,209.522,379.038,137.652,140.13,340.713,153.123,177.856,290.637,154.522,252.231,340.077,134.415,265.43,409.704,33.49,301.803,394.8,99.5192,209.499,460.909,181.788,181.58,484.098,208.48,160.764,508.285,237.8,196.121,525.645,236.45,216.834,501.549,205.378,233.41,477.323,179.955,137.122,612.767,257.84,143.194,535.319,259.645,122.832,568.615,270.609,-42.9353,473.221,156.354,-47.187,482.709,182.598,-2.94276,478.595,185.585,-3.35017,470.924,159.376
87.004,308.315,186.151,121.252,254.281,175.882,209.835,379.679,138.077,140.372,341.616,153.609,177.991,291.466,155.194,252.484,340.605,134.927,265.679,409.814,33.6948,302.144,395.128,99.852,209.681,461.193,181.993,181.706,484.361,208.626,160.839,508.537,237.901,196.179,525.943,236.561,216.947,501.851,205.541,233.579,477.63,180.16,137.102,612.998,257.853,143.23,535.565,259.714,122.838,568.845,270.648,-42.8359,473.319,156.39,-47.0875,482.804,182.629,-2.83594,478.755,185.587,-3.25571,471.035,159.412
87.1603,309.48,186.719,121.314,255.334,176.704,210.152,380.33,138.506,140.618,342.53,154.099,178.128,292.306,155.867,252.741,341.142,135.445,265.932,409.932,33.9055,302.491,395.466,100.191,209.866,461.482,182.203,181.833,484.629,208.775,160.912,508.791,238.005,196.235,526.246,236.676,217.059,502.159,205.709,233.75,477.943,180.37,137.078,613.231,257.867,143.264,535.815,259.786,122.841,569.077,270.69,-42.7368,473.417,156.425,-46.9881,482.899,182.66,-2.72827,478.919,185.587,-3.16179,471.146,159.447
87.3209,310.657,187.288,121.38,256.399,177.529,210.473,380.989,138.938,140.868,343.453,154.591,178.269,293.155,156.544,253.002,341.685,135.968,266.188,410.058,34.1222,302.84,395.811,100.536,210.051,461.776,182.418,181.959,484.902,208.929,160.985,509.049,238.112,196.29,526.555,236.796,217.17,502.473,205.881,233.921,478.263,180.586,137.05,613.466,257.885,143.296,536.066,259.86,122.842,569.311,270.734,-42.638,473.515,156.459,-46.8888,482.993,182.688,-2.61972,479.086,185.584,-3.06836,471.257,159.482
87.4859,311.847,187.859,121.447,257.474,178.356,210.797,381.657,139.375,141.122,344.384,155.088,178.412,294.013,157.224,253.266,342.236,136.497,266.447,410.191,34.345,303.193,396.163,100.888,210.238,462.076,182.639,182.085,485.178,209.087,161.055,509.311,238.222,196.343,526.868,236.92,217.281,502.791,206.059,234.092,478.589,180.808,137.017,613.703,257.904,143.325,536.32,259.937,122.838,569.547,270.78,-42.5395,473.613,156.492,-46.7896,483.087,182.716,-2.51026,479.257,185.58,-2.97539,471.368,159.515
87.6552,313.05,188.432,121.517,258.558,179.185,211.124,382.331,139.816,141.379,345.323,155.589,178.558,294.879,157.908,253.532,342.792,137.031,266.708,410.33,34.5741,303.548,396.522,101.246,210.425,462.381,182.866,182.211,485.458,209.248,161.125,509.575,238.335,196.395,527.187,237.049,217.39,503.114,206.242,234.264,478.92,181.035,136.981,613.943,257.925,143.352,536.576,260.018,122.832,569.785,270.83,-42.4413,473.711,156.525,-46.6904,483.18,182.742,-2.39987,479.429,185.573,-2.88283,471.48,159.549
87.8287,314.263,189.009,121.589,259.651,180.018,211.453,383.013,140.262,141.638,346.269,156.094,178.705,295.753,158.596,253.8,343.353,137.57,266.972,410.475,34.8095,303.905,396.886,101.609,210.613,462.69,183.098,182.336,485.742,209.414,161.192,509.842,238.452,196.445,527.51,237.182,217.499,503.442,206.429,234.435,479.256,181.267,136.941,614.185,257.949,143.377,536.834,260.101,122.823,570.025,270.881,-42.3434,473.808,156.558,-46.5911,483.273,182.767,-2.28855,479.605,185.565,-2.79065,471.591,159.581
88.0064,315.486,189.59,121.662,260.752,180.855,211.783,383.7,140.713,141.9,347.221,156.605,178.854,296.632,159.289,254.068,343.918,138.113,267.238,410.626,35.0513,304.262,397.256,101.979,210.801,463.004,183.335,182.46,486.03,209.584,161.258,510.112,238.573,196.493,527.837,237.32,217.607,503.773,206.622,234.607,479.596,181.505,136.897,614.429,257.975,143.399,537.094,260.187,122.811,570.267,270.936,-42.2456,473.905,156.59,-46.4918,483.366,182.79,-2.17628,479.783,185.555,-2.6988,471.703,159.613
88.1883,316.719,190.175,121.736,261.859,181.696,212.115,384.391,141.17,142.163,348.177,157.121,179.004,297.517,159.986,254.338,344.486,138.662,267.505,410.781,35.2996,304.62,397.629,102.355,210.989,463.321,183.578,182.583,486.32,209.759,161.322,510.385,238.696,196.54,528.168,237.463,217.713,504.108,206.819,234.778,479.941,181.749,136.85,614.675,258.002,143.419,537.355,260.276,122.797,570.51,270.993,-42.1481,474.002,156.621,-46.3925,483.458,182.813,-2.06305,479.963,185.544,-2.60725,471.816,159.645
88.3743,317.96,190.766,121.811,262.971,182.542,212.447,385.087,141.631,142.428,349.136,157.643,179.155,298.406,160.688,254.607,345.057,139.215,267.773,410.94,35.5544,304.979,398.006,102.736,211.176,463.641,183.827,182.705,486.612,209.938,161.384,510.659,238.824,196.585,528.503,237.611,217.818,504.445,207.022,234.948,480.29,181.998,136.799,614.923,258.032,143.437,537.618,260.368,122.779,570.755,271.052,-42.0508,474.098,156.652,-46.293,483.549,182.834,-1.94886,480.145,185.531,-2.51597,471.928,159.676
88.5644,319.208,191.362,121.887,264.087,183.391,212.78,385.785,142.099,142.695,350.099,158.171,179.307,299.298,161.395,254.875,345.63,139.773,268.042,411.102,35.8158,305.336,398.386,103.123,211.363,463.964,184.081,182.826,486.907,210.121,161.444,510.936,238.955,196.628,528.84,237.763,217.922,504.786,207.23,235.117,480.641,182.252,136.745,615.172,258.064,143.453,537.882,260.463,122.759,571.001,271.115,-41.9536,474.194,156.683,-46.1935,483.64,182.854,-1.83374,480.329,185.517,-2.42494,472.04,159.706
88.7585,320.462,191.964,121.963,265.207,184.246,213.113,386.485,142.572,142.962,351.063,158.705,179.459,300.192,162.108,255.143,346.204,140.334,268.312,411.267,36.0838,305.693,398.768,103.516,211.549,464.29,184.34,182.945,487.204,210.308,161.502,511.215,239.089,196.67,529.181,237.92,218.024,505.128,207.442,235.285,480.995,182.511,136.689,615.423,258.099,143.466,538.148,260.562,122.737,571.249,271.18,-41.8566,474.29,156.713,-46.0938,483.73,182.873,-1.71767,480.514,185.501,-2.33411,472.152,159.736
88.9564,321.72,192.573,122.04,266.329,185.105,213.445,387.185,143.052,143.229,352.027,159.245,179.612,301.088,162.825,255.409,346.778,140.899,268.581,411.433,36.3584,306.047,399.15,103.914,211.734,464.617,184.605,183.063,487.502,210.5,161.559,511.494,239.227,196.71,529.523,238.081,218.125,505.472,207.66,235.452,481.351,182.776,136.629,615.675,258.135,143.478,538.414,260.663,122.712,571.498,271.247,-41.7597,474.386,156.743,-45.994,483.82,182.891,-1.6007,480.701,185.485,-2.24346,472.265,159.766
89.1581,322.981,193.188,122.118,267.451,185.969,213.777,387.886,143.537,143.498,352.99,159.793,179.765,301.984,163.548,255.673,347.352,141.467,268.851,411.601,36.6396,306.4,399.533,104.316,211.918,464.946,184.875,183.179,487.802,210.696,161.613,511.776,239.369,196.748,529.868,238.247,218.224,505.817,207.882,235.617,481.709,183.045,136.567,615.928,258.172,143.487,538.68,260.767,122.685,571.748,271.317,-41.663,474.481,156.772,-45.894,483.909,182.908,-1.48283,480.888,185.468,-2.15298,472.377,159.795
89.3631,324.244,193.81,122.195,268.573,186.838,214.107,388.585,144.029,143.766,353.952,160.347,179.918,302.88,164.276,255.935,347.925,142.038,269.12,411.769,36.9275,306.751,399.916,104.724,212.101,465.276,185.15,183.294,488.102,210.896,161.666,512.058,239.514,196.785,530.214,238.417,218.321,506.162,208.108,235.781,482.068,183.32,136.503,616.182,258.212,143.495,538.948,260.875,122.656,571.999,271.389,-41.5664,474.576,156.802,-45.7939,483.997,182.924,-1.36411,481.076,185.45,-2.06263,472.49,159.823
89.5713,325.506,194.439,122.273,269.694,187.711,214.436,389.281,144.528,144.034,354.912,160.908,180.071,303.774,165.009,256.195,348.495,142.613,269.389,411.936,37.2221,307.098,400.298,105.136,212.281,465.607,185.43,183.407,488.403,211.1,161.716,512.341,239.662,196.82,530.561,238.592,218.417,506.508,208.34,235.943,482.428,183.599,136.436,616.437,258.254,143.5,539.215,260.985,122.625,572.251,271.463,-41.4699,474.67,156.83,-45.6936,484.085,182.94,-1.24456,481.264,185.433,-1.97241,472.602,159.852
89.7823,326.767,195.075,122.352,270.813,188.589,214.763,389.974,145.033,144.303,355.868,161.476,180.224,304.665,165.747,256.451,349.063,143.19,269.656,412.102,37.5234,307.443,400.677,105.553,212.46,465.938,185.715,183.518,488.704,211.308,161.765,512.624,239.814,196.854,530.909,238.77,218.512,506.854,208.575,236.103,482.787,183.883,136.367,616.693,258.297,143.504,539.483,261.098,122.592,572.503,271.54,-41.3735,474.764,156.859,-45.5932,484.173,182.954,-1.12423,481.452,185.414,-1.88228,472.714,159.879
89.9959,328.025,195.719,122.43,271.928,189.47,215.088,390.663,145.544,144.57,356.819,162.051,180.377,305.553,166.49,256.703,349.628,143.769,269.923,412.267,37.8315,307.784,401.054,105.973,212.637,466.269,186.004,183.627,489.005,211.519,161.811,512.908,239.968,196.886,531.257,238.953,218.604,507.199,208.815,236.262,483.147,184.171,136.297,616.949,258.342,143.507,539.75,261.213,122.558,572.755,271.62,-41.2773,474.857,156.887,-45.4926,484.26,182.967,-1.00315,481.64,185.396,-1.79224,472.827,159.907
90.2117,329.279,196.369,122.509,273.038,190.356,215.411,391.347,146.063,144.838,357.765,162.632,180.53,306.437,167.238,256.952,350.189,144.351,270.189,412.43,38.1463,308.122,401.428,106.398,212.812,466.599,186.298,183.733,489.306,211.735,161.856,513.191,240.126,196.917,531.605,239.139,218.695,507.543,209.059,236.419,483.505,184.464,136.225,617.205,258.388,143.508,540.017,261.331,122.522,573.008,271.701,-41.1812,474.95,156.915,-45.3918,484.346,182.98,-0.88139,481.826,185.379,-1.70228,472.939,159.934
90.4293,330.526,197.027,122.588,274.144,191.246,215.73,392.024,146.587,145.105,358.704,163.221,180.683,307.315,167.99,257.198,350.745,144.935,270.453,412.589,38.4679,308.456,401.798,106.826,212.985,466.928,186.596,183.838,489.606,211.954,161.899,513.474,240.287,196.947,531.953,239.329,218.784,507.886,209.306,236.573,483.863,184.761,136.152,617.462,258.436,143.507,540.284,261.452,122.485,573.261,271.784,-41.0852,475.043,156.943,-45.2909,484.432,182.992,-0.758983,482.011,185.361,-1.61237,473.051,159.96
90.6484,331.765,197.692,122.668,275.243,192.139,216.047,392.694,147.118,145.372,359.637,163.816,180.835,308.188,168.746,257.439,351.296,145.522,270.717,412.745,38.7963,308.785,402.164,107.258,213.155,467.255,186.898,183.941,489.904,212.176,161.94,513.756,240.451,196.975,532.299,239.523,218.871,508.227,209.557,236.726,484.218,185.061,136.078,617.718,258.484,143.506,540.549,261.574,122.446,573.514,271.869,-40.9893,475.135,156.971,-45.1898,484.518,183.004,-0.635987,482.195,185.345,-1.52251,473.162,159.987
90.8688,332.995,198.365,122.748,276.335,193.035,216.36,393.356,147.656,145.637,360.562,164.417,180.988,309.055,169.506,257.675,351.841,146.11,270.979,412.898,39.1316,309.111,402.525,107.693,213.323,467.581,187.204,184.042,490.201,212.402,161.979,514.037,240.617,197.001,532.644,239.719,218.957,508.565,209.812,236.876,484.572,185.366,136.003,617.973,258.535,143.503,540.814,261.699,122.407,573.766,271.956,-40.8936,475.226,156.998,-45.0886,484.603,183.015,-0.512455,482.376,185.329,-1.4327,473.274,160.013
91.09,334.215,199.045,122.828,277.419,193.934,216.67,394.009,148.2,145.902,361.478,165.024,181.14,309.914,170.27,257.907,352.381,146.7,271.24,413.046,39.4738,309.433,402.88,108.132,213.489,467.904,187.513,184.141,490.496,212.631,162.016,514.318,240.785,197.027,532.988,239.919,219.041,508.901,210.069,237.024,484.922,185.673,135.928,618.229,258.586,143.499,541.077,261.826,122.367,574.019,272.045,-40.798,475.318,157.025,-44.9872,484.687,183.025,-0.38844,482.554,185.315,-1.34292,473.385,160.038
91.3119,335.423,199.733,122.909,278.495,194.835,216.976,394.653,148.75,146.166,362.385,165.638,181.292,310.766,171.038,258.134,352.913,147.292,271.499,413.189,39.8228,309.75,403.228,108.573,213.652,468.225,187.826,184.238,490.789,212.862,162.052,514.596,240.956,197.052,533.329,240.121,219.124,509.234,210.33,237.171,485.27,185.984,135.852,618.483,258.638,143.494,541.339,261.954,122.326,574.27,272.135,-40.7025,475.408,157.052,-44.8857,484.771,183.035,-0.263995,482.73,185.302,-1.25318,473.496,160.064
91.5342,336.618,200.428,122.99,279.561,195.739,217.278,395.287,149.305,146.429,363.283,166.257,181.444,311.609,171.808,258.357,353.439,147.886,271.758,413.327,40.1787,310.064,403.57,109.017,213.813,468.543,188.142,184.332,491.079,213.097,162.086,514.873,241.129,197.075,533.668,240.326,219.204,509.564,210.593,237.314,485.615,186.298,135.776,618.736,258.691,143.489,541.599,262.084,122.285,574.521,272.226,-40.6072,475.498,157.079,-44.7842,484.855,183.045,-0.139171,482.902,185.29,-1.16346,473.607,160.089
91.7568,337.8,201.131,123.072,280.618,196.645,217.576,395.911,149.866,146.69,364.17,166.881,181.595,312.443,172.581,258.574,353.956,148.482,272.016,413.46,40.5415,310.372,403.906,109.463,213.971,468.858,188.46,184.425,491.367,213.333,162.119,515.148,241.304,197.097,534.004,240.533,219.284,509.89,210.858,237.456,485.956,186.614,135.7,618.988,258.744,143.483,541.858,262.216,122.244,574.77,272.319,-40.512,475.588,157.106,-44.6825,484.938,183.054,-0.0140179,483.071,185.281,-1.07377,473.717,160.113
91.9795,338.966,201.841,123.154,281.665,197.552,217.871,396.524,150.432,146.95,365.047,167.51,181.746,313.268,173.357,258.787,354.466,149.079,272.272,413.586,40.9111,310.677,404.233,109.912,214.126,469.169,188.781,184.516,491.652,213.572,162.15,515.421,241.481,197.119,534.337,240.741,219.361,510.212,211.125,237.596,486.293,186.932,135.625,619.239,258.798,143.476,542.115,262.348,122.202,575.019,272.413,-40.417,475.677,157.133,-44.5808,485.02,183.063,0.111417,483.235,185.273,-0.984109,473.827,160.138
92.2023,340.118,202.559,123.237,282.701,198.46,218.161,397.125,151.003,147.209,365.912,168.144,181.896,314.083,174.134,258.994,354.967,149.678,272.528,413.707,41.2873,310.977,404.553,110.363,214.279,469.476,189.103,184.604,491.933,213.813,162.18,515.691,241.659,197.14,534.667,240.951,219.438,510.53,211.394,237.733,486.625,187.252,135.551,619.488,258.853,143.469,542.369,262.482,122.161,575.266,272.507,-40.3222,475.766,157.16,-44.4791,485.102,183.071,0.237088,483.395,185.268,-0.894473,473.937,160.162
92.425,341.253,203.284,123.32,283.726,199.368,218.447,397.715,151.578,147.466,366.766,168.782,182.046,314.888,174.913,259.197,355.459,150.278,272.782,413.821,41.6701,311.273,404.865,110.815,214.43,469.779,189.427,184.691,492.211,214.055,162.208,515.958,241.838,197.16,534.992,241.163,219.513,510.843,211.664,237.868,486.953,187.574,135.477,619.736,258.907,143.462,542.621,262.615,122.12,575.511,272.603,-40.2275,475.854,157.186,-44.3773,485.184,183.079,0.362949,483.551,185.264,-0.804866,474.046,160.186
92.6478,342.372,204.016,123.404,284.739,200.277,218.729,398.293,152.157,147.722,367.608,169.424,182.196,315.683,175.694,259.394,355.942,150.88,273.036,413.929,42.0593,311.564,405.169,111.269,214.578,470.078,189.753,184.776,492.485,214.298,162.236,516.223,242.018,197.179,535.313,241.375,219.586,511.152,211.934,238.001,487.276,187.897,135.405,619.981,258.962,143.455,542.871,262.75,122.08,575.755,272.699,-40.133,475.942,157.213,-44.2756,485.265,183.088,0.488958,483.701,185.264,-0.715291,474.155,160.209
92.8706,343.474,204.755,123.488,285.74,201.185,219.007,398.86,152.739,147.975,368.439,170.069,182.344,316.466,176.475,259.586,356.415,151.483,273.288,414.03,42.4546,311.851,405.464,111.725,214.723,470.371,190.079,184.859,492.755,214.542,162.263,516.484,242.199,197.198,535.63,241.587,219.658,511.455,212.206,238.132,487.593,188.221,135.334,620.224,259.017,143.448,543.118,262.884,122.04,575.997,272.795,-40.0387,476.029,157.239,-44.1739,485.346,183.096,0.615073,483.846,185.265,-0.625754,474.263,160.233
93.0935,344.559,205.501,123.572,286.729,202.093,219.281,399.415,153.323,148.227,369.256,170.716,182.492,317.239,177.256,259.773,356.878,152.087,273.54,414.125,42.8558,312.133,405.75,112.181,214.866,470.66,190.405,184.941,493.022,214.787,162.288,516.742,242.38,197.217,535.943,241.8,219.729,511.753,212.477,238.261,487.905,188.545,135.264,620.465,259.071,143.441,543.362,263.019,122.002,576.237,272.891,-39.9447,476.116,157.266,-44.0722,485.427,183.104,0.741253,483.985,185.27,-0.536259,474.371,160.255
93.3164,345.626,206.253,123.657,287.705,202.999,219.551,399.957,153.909,148.476,370.061,171.366,182.639,318,178.037,259.956,357.331,152.693,273.79,414.213,43.2625,312.411,406.027,112.638,215.007,470.943,190.732,185.02,493.283,215.032,162.313,516.997,242.561,197.235,536.25,242.012,219.799,512.046,212.747,238.387,488.212,188.869,135.197,620.704,259.125,143.435,543.603,263.152,121.964,576.474,272.988,-39.8508,476.202,157.292,-43.9707,485.507,183.111,0.867457,484.118,185.277,-0.446813,474.478,160.278
93.5395,346.676,207.011,123.742,288.668,203.903,219.816,400.488,154.496,148.724,370.854,172.018,182.785,318.749,178.817,260.133,357.773,153.299,274.04,414.294,43.6743,312.685,406.294,113.096,215.145,471.221,191.058,185.099,493.54,215.278,162.338,517.248,242.741,197.253,536.552,242.224,219.867,512.333,213.017,238.511,488.512,189.192,135.131,620.94,259.179,143.429,543.841,263.286,121.928,576.709,273.084,-39.7572,476.288,157.319,-43.8692,485.586,183.119,0.993644,484.246,185.287,-0.357424,474.584,160.3
93.7626,347.708,207.774,123.827,289.619,204.804,220.078,401.008,155.083,148.969,371.633,172.67,182.93,319.486,179.596,260.305,358.205,153.906,274.288,414.368,44.0908,312.954,406.553,113.553,215.28,471.493,191.383,185.175,493.792,215.522,162.362,517.495,242.921,197.271,536.848,242.434,219.935,512.615,213.286,238.634,488.806,189.514,135.068,621.173,259.232,143.425,544.076,263.418,121.893,576.942,273.179,-39.6638,476.373,157.345,-43.768,485.666,183.127,1.11977,484.367,185.3,-0.268098,474.69,160.323
93.9859,348.722,208.542,123.912,290.555,205.702,220.336,401.515,155.67,149.211,372.4,173.322,183.073,320.211,180.372,260.472,358.626,154.513,274.535,414.435,44.5115,313.219,406.802,114.01,215.414,471.759,191.706,185.251,494.04,215.766,162.385,517.738,243.101,197.289,537.139,242.643,220.002,512.89,213.553,238.754,489.094,189.834,135.007,621.403,259.284,143.42,544.307,263.549,121.86,577.172,273.274,-39.5707,476.457,157.371,-43.6669,485.744,183.135,1.2458,484.482,185.316,-0.178846,474.796,160.344
94.2092,349.718,209.314,123.996,291.478,206.596,220.59,402.011,156.255,149.451,373.153,173.975,183.215,320.924,181.146,260.635,359.036,155.119,274.78,414.496,44.9356,313.479,407.042,114.466,215.545,472.019,192.028,185.325,494.282,216.008,162.409,517.977,243.279,197.307,537.424,242.85,220.067,513.16,213.817,238.872,489.376,190.152,134.949,621.63,259.335,143.417,544.535,263.679,121.829,577.399,273.368,-39.4779,476.541,157.397,-43.566,485.823,183.143,1.37169,484.59,185.335,-0.0896766,474.9,160.366
94.4324,350.696,210.088,124.08,292.386,207.484,220.839,402.496,156.838,149.688,373.892,174.625,183.355,321.623,181.916,260.794,359.434,155.725,275.024,414.55,45.3627,313.734,407.271,114.921,215.674,472.273,192.347,185.397,494.519,216.249,162.432,518.212,243.455,197.325,537.702,243.054,220.132,513.423,214.078,238.988,489.651,190.467,134.894,621.853,259.384,143.416,544.76,263.807,121.8,577.623,273.46,-39.3853,476.624,157.423,-43.4654,485.901,183.152,1.49738,484.692,185.356,-0.000600477,475.004,160.387
94.6553,351.655,210.863,124.164,293.28,208.367,221.085,402.969,157.417,149.923,374.619,175.274,183.494,322.31,182.682,260.947,359.822,156.33,275.266,414.598,45.7919,313.985,407.492,115.374,215.801,472.52,192.662,185.469,494.751,216.487,162.456,518.442,243.63,197.344,537.975,243.256,220.197,513.68,214.337,239.102,489.919,190.779,134.842,622.074,259.433,143.415,544.98,263.932,121.772,577.845,273.551,-39.293,476.707,157.45,-43.3651,485.979,183.16,1.62284,484.787,185.381,0.0883714,475.107,160.407
94.8778,352.595,211.639,124.246,294.159,209.243,221.327,403.431,157.992,150.154,375.331,175.92,183.63,322.984,183.442,261.097,360.198,156.932,275.505,414.639,46.2223,314.231,407.703,115.824,215.925,472.761,192.974,185.54,494.977,216.723,162.48,518.668,243.802,197.363,538.241,243.454,220.26,513.931,214.591,239.214,490.18,191.087,134.793,622.29,259.479,143.416,545.197,264.056,121.748,578.063,273.641,-39.2011,476.789,157.476,-43.2651,486.056,183.169,1.74801,484.876,185.408,0.177228,475.21,160.428
95.0997,353.517,212.414,124.328,295.022,210.112,221.564,403.882,158.562,150.382,376.029,176.563,183.764,323.644,184.196,261.243,360.563,157.532,275.742,414.673,46.6533,314.472,407.904,116.271,216.048,472.996,193.282,185.61,495.198,216.955,162.504,518.889,243.971,197.383,538.501,243.649,220.323,514.175,214.841,239.323,490.435,191.39,134.748,622.504,259.525,143.419,545.41,264.176,121.725,578.277,273.729,-39.1094,476.871,157.502,-43.1654,486.133,183.178,1.87283,484.958,185.437,0.265956,475.312,160.448
95.3206,354.419,213.187,124.409,295.87,210.971,221.798,404.322,159.125,150.607,376.713,177.2,183.896,324.29,184.944,261.384,360.916,158.129,275.976,414.702,47.0836,314.708,408.095,116.714,216.168,473.223,193.585,185.679,495.414,217.184,162.529,519.105,244.138,197.404,538.754,243.84,220.386,514.412,215.086,239.431,490.682,191.688,134.706,622.713,259.568,143.423,545.619,264.294,121.706,578.488,273.814,-39.0181,476.952,157.528,-43.0661,486.21,183.187,1.99725,485.034,185.47,0.354544,475.412,160.467
95.5402,355.302,213.956,124.488,296.701,211.821,222.027,404.75,159.681,150.828,377.382,177.832,184.026,324.922,185.683,261.522,361.258,158.721,276.207,414.724,47.5124,314.938,408.277,117.152,216.287,473.444,193.883,185.747,495.623,217.409,162.555,519.317,244.301,197.426,539,244.026,220.448,514.643,215.325,239.537,490.922,191.979,134.668,622.919,259.609,143.43,545.824,264.409,121.689,578.696,273.897,-38.9271,477.033,157.554,-42.9672,486.286,183.197,2.12119,485.103,185.504,0.44298,475.512,160.486
95.7581,356.164,214.719,124.566,297.515,212.66,222.252,405.168,160.228,151.045,378.036,178.456,184.152,325.539,186.413,261.656,361.59,159.308,276.434,414.74,47.9385,315.164,408.45,117.585,216.404,473.658,194.174,185.815,495.827,217.629,162.582,519.523,244.461,197.449,539.24,244.207,220.51,514.868,215.559,239.64,491.155,192.264,134.634,623.12,259.648,143.438,546.025,264.52,121.675,578.899,273.978,-38.8365,477.112,157.58,-42.8687,486.362,183.207,2.2446,485.166,185.541,0.53125,475.612,160.505
95.9741,357.007,215.475,124.643,298.312,213.486,222.472,405.575,160.765,151.259,378.675,179.073,184.276,326.142,187.133,261.787,361.91,159.888,276.656,414.75,48.3608,315.383,408.613,118.011,216.519,473.865,194.459,185.882,496.025,217.844,162.609,519.725,244.616,197.474,539.473,244.382,220.572,515.085,215.786,239.742,491.38,192.541,134.604,623.318,259.685,143.449,546.222,264.628,121.665,579.1,274.056,-38.7462,477.192,157.605,-42.7707,486.437,183.217,2.36738,485.223,185.581,0.619341,475.71,160.524
96.1875,357.828,216.222,124.718,299.09,214.3,222.688,405.971,161.291,151.468,379.298,179.68,184.398,326.729,187.842,261.914,362.219,160.461,276.874,414.753,48.7778,315.597,408.767,118.43,216.632,474.065,194.736,185.949,496.217,218.054,162.638,519.922,244.767,197.5,539.699,244.552,220.633,515.296,216.006,239.841,491.598,192.81,134.578,623.512,259.719,143.462,546.414,264.731,121.657,579.296,274.13,-38.6563,477.27,157.631,-42.6732,486.512,183.227,2.48945,485.275,185.622,0.707243,475.807,160.541
96.3979,358.628,216.958,124.791,299.85,215.098,222.898,406.356,161.805,151.673,379.904,180.277,184.516,327.301,188.538,262.038,362.518,161.025,277.087,414.751,49.1885,315.805,408.912,118.84,216.743,474.258,195.006,186.015,496.404,218.258,162.668,520.114,244.913,197.527,539.918,244.716,220.695,515.5,216.218,239.939,491.809,193.07,134.557,623.701,259.75,143.477,546.603,264.831,121.653,579.488,274.202,-38.5668,477.348,157.657,-42.5761,486.586,183.238,2.61072,485.32,185.665,0.794941,475.903,160.559
96.605,359.406,217.681,124.863,300.589,215.881,223.104,406.729,162.305,151.873,380.494,180.861,184.631,327.857,189.22,262.159,362.806,161.578,277.294,414.743,49.5913,316.007,409.047,119.241,216.852,474.444,195.266,186.081,496.584,218.454,162.7,520.3,245.054,197.556,540.13,244.872,220.756,515.698,216.422,240.034,492.013,193.321,134.54,623.886,259.779,143.495,546.787,264.926,121.653,579.676,274.27,-38.4776,477.425,157.682,-42.4797,486.661,183.249,2.73109,485.36,185.709,0.882425,475.999,160.576
96.8081,360.161,218.39,124.933,301.309,216.647,223.305,407.091,162.791,152.069,381.066,181.433,184.743,328.396,189.888,262.276,363.083,162.12,277.494,414.729,49.985,316.202,409.174,119.632,216.959,474.622,195.517,186.147,496.759,218.644,162.733,520.482,245.189,197.587,540.335,245.022,220.818,515.888,216.618,240.128,492.209,193.561,134.527,624.067,259.805,143.516,546.966,265.016,121.656,579.861,274.334,-38.3889,477.502,157.708,-42.3838,486.734,183.261,2.85044,485.395,185.755,0.969682,476.093,160.593
97.0068,360.893,219.082,125.001,302.007,217.394,223.5,407.442,163.26,152.259,381.62,181.989,184.852,328.918,190.539,262.39,363.35,162.649,277.687,414.71,50.3682,316.391,409.292,120.01,217.064,474.794,195.758,186.213,496.928,218.826,162.768,520.658,245.319,197.62,540.534,245.165,220.88,516.072,216.804,240.219,492.397,193.791,134.519,624.244,259.828,143.539,547.142,265.101,121.663,580.041,274.395,-38.3006,477.578,157.733,-42.2884,486.807,183.273,2.96865,485.426,185.802,1.0567,476.186,160.609
97.2005,361.6,219.756,125.068,302.682,218.121,223.69,407.782,163.713,152.444,382.156,182.53,184.958,329.422,191.172,262.502,363.607,163.164,277.873,414.685,50.7393,316.573,409.401,120.376,217.168,474.958,195.988,186.279,497.091,219,162.805,520.829,245.442,197.655,540.725,245.299,220.942,516.249,216.981,240.309,492.579,194.008,134.516,624.416,259.848,143.565,547.313,265.182,121.674,580.216,274.451,-38.2127,477.653,157.758,-42.1937,486.88,183.285,3.0856,485.452,185.851,1.14347,476.279,160.624
97.3889,362.282,220.409,125.134,303.335,218.828,223.874,408.109,164.147,152.623,382.672,183.053,185.06,329.908,191.786,262.61,363.854,163.662,278.05,414.656,51.0972,316.748,409.502,120.728,217.269,475.115,196.207,186.345,497.248,219.166,162.844,520.995,245.559,197.692,540.91,245.425,221.004,516.42,217.147,240.396,492.753,194.214,134.518,624.584,259.864,143.595,547.479,265.256,121.688,580.388,274.504,-38.1252,477.727,157.783,-42.0996,486.953,183.298,3.20116,485.473,185.9,1.22999,476.37,160.639
97.5714,362.938,221.041,125.198,303.963,219.511,224.051,408.425,164.562,152.796,383.167,183.557,185.16,330.376,192.38,262.714,364.09,164.143,278.219,414.621,51.4403,316.915,409.596,121.064,217.369,475.266,196.413,186.412,497.399,219.322,162.884,521.156,245.669,197.731,541.087,245.543,221.067,516.584,217.303,240.481,492.919,194.407,134.524,624.747,259.877,143.627,547.642,265.326,121.707,580.555,274.552,-38.0382,477.801,157.808,-42.0062,487.024,183.311,3.31517,485.491,185.95,1.31623,476.46,160.654
97.7477,363.567,221.648,125.262,304.567,220.171,224.223,408.729,164.955,152.963,383.642,184.041,185.256,330.824,192.952,262.816,364.317,164.604,278.379,414.582,51.7674,317.075,409.681,121.384,217.467,475.409,196.607,186.478,497.544,219.469,162.928,521.312,245.772,197.773,541.258,245.652,221.13,516.741,217.448,240.565,493.079,194.586,134.536,624.906,259.887,143.662,547.8,265.39,121.73,580.718,274.595,-37.9515,477.873,157.832,-41.9134,487.096,183.324,3.4275,485.506,186,1.4022,476.549,160.667
97.9174,364.168,222.229,125.325,305.144,220.805,224.388,409.02,165.327,153.124,384.095,184.504,185.35,331.253,193.501,262.915,364.534,165.045,278.529,414.539,52.0772,317.227,409.759,121.687,217.562,475.546,196.788,186.545,497.684,219.606,162.973,521.463,245.868,197.817,541.422,245.752,221.194,516.891,217.582,240.647,493.231,194.751,134.552,625.061,259.893,143.701,547.953,265.448,121.757,580.877,274.634,-37.8654,477.945,157.856,-41.8213,487.166,183.338,3.53799,485.518,186.05,1.48789,476.637,160.681
98.0803,364.739,222.783,125.387,305.694,221.412,224.546,409.299,165.676,153.278,384.526,184.943,185.44,331.661,194.025,263.01,364.741,165.463,278.67,414.493,52.3686,317.372,409.83,121.97,217.656,475.676,196.954,186.613,497.818,219.733,163.021,521.609,245.956,197.864,541.579,245.842,221.258,517.035,217.703,240.727,493.376,194.902,134.574,625.211,259.895,143.743,548.102,265.5,121.788,581.031,274.669,-37.7797,478.017,157.88,-41.7299,487.236,183.352,3.64648,485.527,186.101,1.57327,476.724,160.694
98.2361,365.28,223.308,125.45,306.216,221.992,224.698,409.564,166,153.425,384.933,185.358,185.528,332.048,194.524,263.102,364.939,165.858,278.8,414.445,52.6402,317.508,409.894,122.234,217.747,475.799,197.106,186.681,497.947,219.85,163.071,521.749,246.036,197.914,541.73,245.923,221.324,517.173,217.813,240.805,493.515,195.038,134.6,625.356,259.894,143.788,548.247,265.546,121.824,581.181,274.699,-37.6945,478.087,157.904,-41.6392,487.306,183.366,3.75283,485.535,186.151,1.65836,476.809,160.706
98.3847,365.79,223.803,125.512,306.708,222.541,224.843,409.817,166.299,153.566,385.316,185.747,185.614,332.414,194.995,263.191,365.126,166.228,278.92,414.394,52.8911,317.636,409.952,122.477,217.837,475.915,197.243,186.749,498.07,219.955,163.124,521.885,246.108,197.967,541.874,245.994,221.389,517.305,217.91,240.881,493.646,195.159,134.632,625.497,259.889,143.837,548.388,265.585,121.864,581.326,274.724,-37.6098,478.157,157.928,-41.5493,487.375,183.38,3.85687,485.54,186.201,1.74313,476.894,160.717
98.526,366.268,224.267,125.576,307.17,223.061,224.98,410.056,166.572,153.7,385.674,186.11,185.697,332.757,195.438,263.276,365.304,166.571,279.029,414.342,53.1202,317.756,410.004,122.698,217.925,476.025,197.365,186.818,498.188,220.049,163.179,522.016,246.172,198.022,542.012,246.055,221.456,517.43,217.994,240.956,493.77,195.264,134.668,625.634,259.881,143.889,548.525,265.619,121.908,581.467,274.744,-37.5255,478.226,157.951,-41.4601,487.443,183.395,3.95847,485.545,186.25,1.82759,476.977,160.728
98.6601,366.711,224.698,125.641,307.601,223.548,225.11,410.282,166.818,153.827,386.007,186.445,185.779,333.077,195.851,263.358,365.472,166.887,279.128,414.289,53.3267,317.868,410.051,122.896,218.01,476.129,197.471,186.888,498.3,220.132,163.237,522.142,246.228,198.08,542.144,246.105,221.523,517.549,218.066,241.029,493.888,195.354,134.709,625.766,259.868,143.944,548.657,265.646,121.956,581.604,274.76,-37.4417,478.294,157.974,-41.3716,487.511,183.41,4.05747,485.549,186.299,1.91172,477.059,160.738
98.7871,367.12,225.097,125.707,307.999,224.002,225.233,410.494,167.036,153.946,386.313,186.752,185.859,333.374,196.233,263.437,365.63,167.173,279.216,414.236,53.5097,317.971,410.093,123.07,218.094,476.227,197.56,186.958,498.407,220.203,163.298,522.263,246.275,198.141,542.269,246.146,221.592,517.662,218.124,241.101,494,195.427,134.756,625.893,259.852,144.003,548.785,265.667,122.009,581.736,274.77,-37.3585,478.361,157.996,-41.2838,487.578,183.426,4.15374,485.552,186.347,1.99552,477.14,160.748
98.9071,367.492,225.461,125.775,308.363,224.422,225.348,410.691,167.226,154.059,386.592,187.028,185.937,333.646,196.583,263.513,365.778,167.43,279.294,414.184,53.6686,318.066,410.13,123.22,218.176,476.318,197.633,187.029,498.509,220.262,163.362,522.379,246.314,198.205,542.388,246.175,221.661,517.769,218.169,241.171,494.105,195.484,134.807,626.016,259.832,144.065,548.909,265.681,122.067,581.863,274.776,-37.2757,478.427,158.018,-41.1969,487.645,183.441,4.24716,485.555,186.394,2.07899,477.219,160.757
99.0202,367.828,225.79,125.846,308.693,224.806,225.456,410.874,167.387,154.165,386.843,187.274,186.014,333.894,196.9,263.586,365.916,167.656,279.361,414.133,53.8027,318.153,410.163,123.345,218.255,476.404,197.69,187.101,498.607,220.309,163.428,522.491,246.344,198.272,542.502,246.195,221.731,517.871,218.2,241.24,494.204,195.524,134.863,626.135,259.809,144.131,549.029,265.689,122.129,581.987,274.777,-37.1934,478.492,158.04,-41.1106,487.71,183.457,4.33762,485.559,186.44,2.1621,477.297,160.765
99.1267,368.124,226.084,125.92,308.987,225.153,225.557,411.043,167.519,154.264,387.066,187.489,186.091,334.117,197.184,263.657,366.043,167.851,279.417,414.084,53.9117,318.231,410.192,123.444,218.333,476.485,197.73,187.174,498.699,220.344,163.498,522.599,246.366,198.341,542.609,246.203,221.802,517.967,218.218,241.308,494.297,195.548,134.924,626.249,259.781,144.2,549.144,265.691,122.195,582.105,274.773,-37.1116,478.557,158.061,-41.0252,487.775,183.472,4.42501,485.563,186.484,2.24487,477.374,160.773
99.2268,368.382,226.343,125.998,309.245,225.464,225.65,411.196,167.62,154.357,387.259,187.673,186.167,334.313,197.432,263.724,366.16,168.013,279.463,414.039,53.9952,318.302,410.219,123.517,218.409,476.56,197.752,187.248,498.786,220.368,163.57,522.701,246.379,198.414,542.711,246.201,221.874,518.058,218.223,241.374,494.384,195.556,134.99,626.358,259.75,144.273,549.256,265.686,122.265,582.219,274.764,-37.0303,478.62,158.082,-40.9405,487.84,183.488,4.50925,485.569,186.528,2.32729,477.45,160.779
99.3207,368.599,226.566,126.08,309.465,225.735,225.736,411.335,167.692,154.442,387.423,187.824,186.244,334.483,197.645,263.789,366.266,168.142,279.499,413.997,54.0529,318.364,410.243,123.564,218.483,476.63,197.759,187.322,498.869,220.379,163.645,522.8,246.383,198.49,542.807,246.189,221.947,518.144,218.214,241.44,494.466,195.547,135.061,626.464,259.716,144.349,549.364,265.675,122.34,582.329,274.751,-36.9496,478.683,158.102,-40.8566,487.903,183.504,4.59028,485.575,186.569,2.40934,477.524,160.786
99.4087,368.774,226.753,126.166,309.646,225.968,225.814,411.457,167.734,154.522,387.555,187.942,186.321,334.626,197.822,263.852,366.362,168.238,279.526,413.959,54.085,318.419,410.264,123.585,218.555,476.694,197.748,187.398,498.948,220.378,163.723,522.894,246.379,198.568,542.898,246.166,222.021,518.224,218.192,241.504,494.542,195.522,135.136,626.564,259.677,144.428,549.467,265.658,122.419,582.435,274.733,-36.8693,478.744,158.122,-40.7735,487.966,183.52,4.66804,485.583,186.61,2.49104,477.597,160.791
99.4911,368.907,226.903,126.258,309.788,226.161,225.886,411.564,167.746,154.595,387.657,188.028,186.399,334.741,197.963,263.913,366.446,168.302,279.543,413.925,54.0915,318.467,410.284,123.579,218.626,476.754,197.721,187.474,499.022,220.365,163.804,522.984,246.366,198.649,542.983,246.134,222.095,518.3,218.157,241.568,494.613,195.481,135.216,626.661,259.636,144.51,549.567,265.634,122.502,582.536,274.71,-36.7896,478.805,158.142,-40.6911,488.027,183.536,4.74251,485.593,186.648,2.57236,477.669,160.795
99.5684,368.997,227.017,126.355,309.889,226.313,225.95,411.655,167.729,154.663,387.727,188.081,186.479,334.828,198.067,263.973,366.519,168.331,279.551,413.898,54.0726,318.507,410.303,123.547,218.695,476.809,197.677,187.551,499.092,220.341,163.887,523.07,246.345,198.733,543.063,246.091,222.171,518.371,218.109,241.631,494.679,195.425,135.299,626.753,259.591,144.596,549.663,265.605,122.589,582.632,274.683,-36.7103,478.864,158.16,-40.6095,488.088,183.552,4.81367,485.605,186.685,2.65332,477.739,160.799
99.6408,369.042,227.095,126.458,309.949,226.424,226.008,411.73,167.682,154.725,387.764,188.101,186.56,334.887,198.133,264.031,366.581,168.328,279.55,413.875,54.0287,318.54,410.32,123.49,218.762,476.86,197.618,187.63,499.158,220.306,163.974,523.152,246.316,198.82,543.138,246.038,222.248,518.438,218.049,241.693,494.739,195.353,135.388,626.841,259.542,144.685,549.755,265.569,122.68,582.725,274.652,-36.6316,478.923,158.179,-40.5287,488.148,183.568,4.88154,485.618,186.721,2.73391,477.808,160.802
99.7089,369.043,227.138,126.568,309.967,226.493,226.059,411.788,167.606,154.782,387.769,188.089,186.644,334.916,198.163,264.088,366.632,168.293,279.542,413.86,53.9606,318.567,410.338,123.407,218.828,476.907,197.543,187.709,499.22,220.259,164.063,523.23,246.279,198.909,543.209,245.975,222.326,518.5,217.977,241.754,494.796,195.267,135.48,626.925,259.491,144.776,549.843,265.528,122.775,582.813,274.617,-36.5533,478.98,158.196,-40.4486,488.207,183.583,4.94615,485.634,186.754,2.81412,477.875,160.805
99.7731,368.997,227.144,126.685,309.942,226.521,226.104,411.829,167.502,154.834,387.74,188.044,186.731,334.915,198.155,264.145,366.671,168.225,279.526,413.85,53.8687,318.588,410.355,123.3,218.892,476.949,197.453,187.789,499.279,220.202,164.155,523.304,246.234,199.001,543.274,245.903,222.405,518.558,217.892,241.815,494.847,195.166,135.577,627.004,259.436,144.871,549.928,265.481,122.873,582.896,274.577,-36.4756,479.037,158.213,-40.3693,488.265,183.599,5.00755,485.652,186.786,2.89396,477.941,160.806
99.834,368.905,227.116,126.809,309.874,226.507,226.144,411.853,167.371,154.881,387.677,187.968,186.821,334.885,198.111,264.202,366.697,168.126,279.504,413.848,53.754,318.603,410.373,123.17,218.955,476.988,197.349,187.87,499.333,220.134,164.249,523.374,246.182,199.095,543.334,245.822,222.485,518.612,217.796,241.876,494.894,195.052,135.677,627.079,259.378,144.969,550.008,265.429,122.976,582.975,274.534,-36.3984,479.092,158.23,-40.2907,488.322,183.615,5.0658,485.672,186.815,2.97343,478.005,160.807
99.8921,368.766,227.053,126.941,309.761,226.452,226.177,411.86,167.214,154.925,387.581,187.861,186.915,334.823,198.03,264.26,366.712,167.996,279.476,413.853,53.6175,318.613,410.391,123.017,219.017,477.023,197.231,187.952,499.384,220.056,164.346,523.441,246.122,199.191,543.39,245.733,222.565,518.662,217.69,241.936,494.937,194.925,135.781,627.15,259.318,145.069,550.085,265.371,123.081,583.05,274.487,-36.3216,479.146,158.245,-40.2129,488.378,183.63,5.121,485.694,186.843,3.05252,478.068,160.807
99.948,368.578,226.957,127.081,309.604,226.354,226.205,411.849,167.031,154.965,387.449,187.723,187.013,334.731,197.913,264.318,366.715,167.837,279.442,413.865,53.4604,318.618,410.41,122.843,219.078,477.054,197.099,188.035,499.432,219.969,164.445,523.504,246.056,199.289,543.442,245.635,222.646,518.708,217.573,241.996,494.976,194.786,135.889,627.217,259.255,145.172,550.159,265.309,123.19,583.121,274.437,-36.2454,479.2,158.26,-40.1358,488.433,183.645,5.17325,485.719,186.869,3.13123,478.13,160.806
100.002,368.342,226.827,127.23,309.401,226.216,226.229,411.82,166.823,155.002,387.282,187.556,187.116,334.608,197.761,264.378,366.704,167.649,279.404,413.884,53.2837,318.619,410.43,122.649,219.137,477.082,196.956,188.119,499.476,219.873,164.546,523.563,245.983,199.389,543.489,245.529,222.729,518.75,217.446,242.055,495.011,194.635,136,627.279,259.19,145.277,550.228,265.242,123.303,583.187,274.383,-36.1696,479.251,158.274,-40.0594,488.487,183.66,5.22269,485.746,186.892,3.20957,478.189,160.804
100.056,368.056,226.665,127.387,309.152,226.036,226.247,411.772,166.592,155.037,387.08,187.36,187.225,334.453,197.575,264.439,366.682,167.435,279.361,413.911,53.089,318.616,410.451,122.436,219.195,477.106,196.801,188.203,499.516,219.768,164.65,523.62,245.904,199.491,543.531,245.416,222.811,518.789,217.31,242.115,495.041,194.474,136.115,627.337,259.122,145.385,550.294,265.17,123.418,583.249,274.326,-36.0943,479.302,158.288,-39.9837,488.54,183.674,5.26944,485.774,186.914,3.28754,478.247,160.801
100.108,367.72,226.471,127.554,308.857,225.816,226.261,411.706,166.34,155.069,386.842,187.136,187.339,334.266,197.355,264.503,366.646,167.195,279.316,413.945,52.8776,318.609,410.473,122.206,219.252,477.127,196.635,188.288,499.554,219.656,164.755,523.672,245.819,199.594,543.57,245.296,222.895,518.824,217.165,242.174,495.068,194.303,136.233,627.391,259.053,145.495,550.356,265.094,123.536,583.307,274.266,-36.0195,479.352,158.301,-39.9088,488.591,183.688,5.31368,485.805,186.934,3.36513,478.303,160.798
100.162,367.333,226.246,127.731,308.515,225.557,226.271,411.621,166.067,155.1,386.568,186.886,187.46,334.046,197.103,264.57,366.597,166.931,279.268,413.986,52.6512,318.599,410.496,121.96,219.309,477.144,196.459,188.373,499.588,219.536,164.863,523.721,245.728,199.699,543.604,245.169,222.979,518.856,217.013,242.234,495.091,194.124,136.353,627.441,258.981,145.607,550.414,265.014,123.657,583.361,274.204,-35.9451,479.4,158.312,-39.8345,488.641,183.702,5.35557,485.838,186.952,3.44236,478.358,160.794
100.215,366.895,225.992,127.918,308.125,225.258,226.277,411.516,165.774,155.129,386.257,186.61,187.587,333.794,196.819,264.64,366.535,166.645,279.217,414.034,52.4113,318.587,410.521,121.701,219.364,477.159,196.275,188.459,499.619,219.409,164.972,523.767,245.633,199.805,543.634,245.036,223.063,518.884,216.854,242.293,495.11,193.936,136.477,627.487,258.908,145.721,550.468,264.93,123.781,583.41,274.138,-35.8712,479.447,158.323,-39.7609,488.69,183.715,5.3953,485.872,186.967,3.51921,478.411,160.789
100.271,366.405,225.709,128.115,307.689,224.922,226.279,411.391,165.464,155.158,385.908,186.311,187.721,333.508,196.506,264.714,366.459,166.338,279.166,414.088,52.1595,318.572,410.547,121.43,219.418,477.17,196.082,188.546,499.647,219.277,165.083,523.81,245.533,199.912,543.659,244.898,223.148,518.909,216.688,242.352,495.125,193.742,136.603,627.529,258.833,145.836,550.519,264.842,123.906,583.455,274.071,-35.7978,479.492,158.334,-39.6879,488.738,183.728,5.43307,485.908,186.981,3.5957,478.462,160.783
100.327,365.862,225.398,128.323,307.204,224.549,226.278,411.246,165.138,155.186,385.523,185.988,187.863,333.19,196.164,264.792,366.37,166.013,279.114,414.148,51.8977,318.556,410.573,121.148,219.472,477.178,195.883,188.632,499.671,219.139,165.195,523.849,245.429,200.02,543.681,244.755,223.233,518.931,216.516,242.411,495.137,193.542,136.732,627.566,258.756,145.954,550.566,264.752,124.035,583.496,274.001,-35.7248,479.537,158.343,-39.6157,488.784,183.74,5.46909,485.945,186.992,3.67182,478.511,160.777
100.387,365.267,225.06,128.542,306.672,224.141,226.274,411.079,164.797,155.214,385.1,185.645,188.013,332.838,195.795,264.874,366.266,165.671,279.062,414.213,51.6275,318.538,410.601,120.859,219.524,477.183,195.678,188.719,499.693,218.996,165.308,523.885,245.321,200.129,543.698,244.608,223.318,518.949,216.34,242.47,495.144,193.336,136.863,627.599,258.679,146.073,550.609,264.658,124.165,583.532,273.929,-35.6522,479.58,158.351,-39.544,488.828,183.752,5.50357,485.983,187.002,3.74758,478.558,160.77
100.448,364.618,224.696,128.773,306.091,223.698,226.267,410.892,164.443,155.243,384.639,185.281,188.171,332.452,195.4,264.961,366.148,165.314,279.011,414.284,51.3507,318.518,410.628,120.562,219.576,477.185,195.468,188.806,499.711,218.849,165.422,523.918,245.209,200.238,543.711,244.456,223.404,518.964,216.159,242.529,495.148,193.127,136.997,627.628,258.6,146.193,550.648,264.562,124.297,583.565,273.856,-35.5801,479.621,158.359,-39.473,488.871,183.763,5.53672,486.022,187.009,3.82297,478.603,160.762
100.513,363.916,224.307,129.015,305.462,223.223,226.257,410.682,164.078,155.273,384.139,184.899,188.337,332.032,194.981,265.053,366.015,164.944,278.961,414.358,51.0691,318.498,410.656,120.261,219.627,477.183,195.255,188.893,499.727,218.699,165.538,523.947,245.095,200.348,543.72,244.301,223.489,518.975,215.975,242.587,495.147,192.915,137.133,627.653,258.521,146.314,550.683,264.464,124.431,583.592,273.781,-35.5083,479.661,158.366,-39.4026,488.913,183.774,5.56876,486.062,187.015,3.898,478.646,160.753
100.582,363.16,223.893,129.27,304.785,222.717,226.245,410.45,163.702,155.305,383.601,184.5,188.513,331.579,194.54,265.151,365.868,164.562,278.911,414.436,50.7843,318.477,410.684,119.957,219.677,477.178,195.038,188.98,499.738,218.546,165.654,523.973,244.978,200.458,543.725,244.144,223.575,518.983,215.788,242.646,495.142,192.7,137.27,627.673,258.441,146.436,550.714,264.363,124.566,583.616,273.705,-35.437,479.699,158.371,-39.3328,488.953,183.784,5.59991,486.102,187.019,3.97267,478.687,160.744
100.653,362.35,223.457,129.537,304.06,222.181,226.231,410.195,163.318,155.338,383.025,184.086,188.698,331.091,194.077,265.254,365.706,164.171,278.864,414.516,50.4979,318.455,410.711,119.652,219.726,477.17,194.82,189.066,499.747,218.391,165.77,523.996,244.86,200.568,543.725,243.984,223.66,518.988,215.599,242.704,495.133,192.484,137.41,627.69,258.361,146.56,550.742,264.261,124.703,583.635,273.627,-35.3661,479.736,158.376,-39.2637,488.991,183.793,5.63039,486.143,187.021,4.04698,478.726,160.734
100.729,361.486,222.999,129.817,303.286,221.616,226.214,409.916,162.927,155.373,382.409,183.657,188.892,330.568,193.596,265.364,365.527,163.773,278.818,414.598,50.2117,318.432,410.737,119.347,219.774,477.158,194.6,189.152,499.752,218.234,165.887,524.015,244.739,200.678,543.721,243.822,223.744,518.988,215.409,242.762,495.12,192.268,137.551,627.702,258.28,146.684,550.765,264.157,124.842,583.65,273.549,-35.2955,479.771,158.38,-39.195,489.027,183.802,5.66039,486.183,187.021,4.12093,478.762,160.724
100.809,360.568,222.519,130.11,302.464,221.025,226.195,409.612,162.53,155.411,381.754,183.216,189.097,330.012,193.096,265.479,365.334,163.368,278.774,414.681,49.927,318.409,410.761,119.045,219.821,477.142,194.381,189.237,499.754,218.077,166.004,524.03,244.618,200.787,543.713,243.659,223.829,518.985,215.218,242.819,495.102,192.052,137.694,627.709,258.2,146.808,550.784,264.053,124.981,583.66,273.47,-35.2254,479.805,158.383,-39.127,489.062,183.81,5.69014,486.224,187.019,4.19452,478.796,160.713
100.893,359.595,222.018,130.417,301.594,220.409,226.173,409.284,162.129,155.452,381.06,182.765,189.311,329.421,192.58,265.6,365.123,162.959,278.732,414.763,49.6455,318.386,410.782,118.746,219.867,477.122,194.163,189.322,499.752,217.919,166.122,524.042,244.496,200.896,543.7,243.496,223.913,518.978,215.028,242.876,495.079,191.837,137.838,627.712,258.119,146.933,550.798,263.947,125.121,583.666,273.39,-35.1556,479.837,158.385,-39.0595,489.095,183.818,5.71982,486.264,187.016,4.26775,478.828,160.701
100.982,358.567,221.499,130.738,300.677,219.77,226.15,408.931,161.725,155.496,380.326,182.303,189.535,328.795,192.049,265.727,364.897,162.548,278.692,414.845,49.3683,318.362,410.8,118.451,219.912,477.098,193.947,189.406,499.746,217.761,166.239,524.05,244.373,201.005,543.683,243.332,223.996,518.966,214.838,242.932,495.051,191.624,137.983,627.711,258.039,147.059,550.808,263.84,125.262,583.668,273.309,-35.0862,479.867,158.385,-38.9925,489.125,183.824,5.74961,486.303,187.011,4.34063,478.858,160.688
101.075,357.485,220.96,131.072,299.712,219.109,226.125,408.551,161.319,155.544,379.553,181.833,189.77,328.135,191.505,265.86,364.653,162.134,278.654,414.925,49.0968,318.337,410.815,118.163,219.956,477.07,193.733,189.489,499.736,217.605,166.355,524.054,244.25,201.113,543.661,243.169,224.078,518.95,214.649,242.988,495.017,191.413,138.13,627.705,257.959,147.184,550.814,263.734,125.404,583.665,273.229,-35.0172,479.895,158.385,-38.926,489.154,183.831,5.77971,486.342,187.004,4.41315,478.885,160.676
101.174,356.349,220.405,131.421,298.701,218.427,226.097,408.145,160.912,155.595,378.741,181.357,190.015,327.44,190.949,265.998,364.392,161.721,278.618,415.001,48.8319,318.312,410.825,117.883,219.998,477.037,193.522,189.571,499.722,217.45,166.471,524.054,244.128,201.22,543.634,243.006,224.16,518.93,214.463,243.042,494.978,191.206,138.278,627.694,257.88,147.31,550.815,263.627,125.546,583.657,273.148,-34.9485,479.921,158.384,-38.8601,489.181,183.836,5.81027,486.38,186.996,4.4853,478.909,160.662
101.278,355.158,219.833,131.785,297.643,217.726,226.068,407.712,160.506,155.651,377.889,180.874,190.27,326.712,190.383,266.143,364.114,161.308,278.583,415.074,48.5748,318.286,410.83,117.61,220.04,477,193.316,189.651,499.703,217.296,166.587,524.049,244.007,201.327,543.602,242.844,224.241,518.904,214.279,243.095,494.934,191.001,138.427,627.679,257.801,147.435,550.811,263.52,125.689,583.644,273.067,-34.8802,479.946,158.382,-38.7946,489.205,183.841,5.84146,486.416,186.987,4.5571,478.93,160.649
101.388,353.913,219.245,132.163,296.54,217.008,226.036,407.251,160.101,155.71,376.998,180.387,190.536,325.949,189.806,266.293,363.817,160.898,278.55,415.141,48.3262,318.259,410.829,117.347,220.08,476.957,193.115,189.731,499.68,217.145,166.702,524.041,243.886,201.432,543.565,242.684,224.32,518.874,214.097,243.148,494.883,190.801,138.577,627.658,257.724,147.56,550.803,263.414,125.832,583.627,272.986,-34.8122,479.968,158.379,-38.7297,489.227,183.845,5.87342,486.451,186.976,4.62854,478.949,160.634
101.504,352.615,218.644,132.556,295.391,216.274,226.003,406.762,159.698,155.775,376.069,179.897,190.812,325.152,189.222,266.448,363.502,160.49,278.517,415.202,48.0868,318.23,410.821,117.094,220.119,476.909,192.918,189.809,499.652,216.997,166.815,524.027,243.767,201.536,543.522,242.525,224.399,518.838,213.919,243.198,494.827,190.605,138.728,627.633,257.647,147.685,550.789,263.309,125.976,583.605,272.906,-34.7445,479.988,158.376,-38.6652,489.247,183.848,5.90629,486.484,186.963,4.69962,478.965,160.62
101.626,351.264,218.029,132.964,294.198,215.525,225.967,406.245,159.299,155.843,375.101,179.404,191.098,324.322,188.63,266.608,363.169,160.086,278.485,415.256,47.8572,318.2,410.805,116.851,220.156,476.856,192.728,189.885,499.62,216.852,166.928,524.009,243.649,201.639,543.475,242.369,224.476,518.797,213.745,243.248,494.763,190.414,138.879,627.604,257.571,147.81,550.771,263.204,126.119,583.578,272.826,-34.6772,480.006,158.371,-38.6011,489.265,183.851,5.94019,486.516,186.95,4.77035,478.978,160.605
101.755,349.86,217.402,133.386,292.962,214.763,225.928,405.699,158.903,155.917,374.095,178.91,191.394,323.458,188.032,266.772,362.816,159.687,278.454,415.302,47.6378,318.168,410.781,116.618,220.192,476.797,192.543,189.959,499.582,216.71,167.039,523.986,243.534,201.741,543.422,242.215,224.553,518.75,213.574,243.295,494.693,190.227,139.032,627.569,257.497,147.934,550.747,263.1,126.262,583.546,272.746,-34.6102,480.022,158.365,-38.5375,489.28,183.853,5.97525,486.546,186.935,4.84071,478.989,160.59
101.891,348.404,216.764,133.824,291.684,213.987,225.888,405.125,158.511,155.995,373.051,178.415,191.7,322.562,187.428,266.941,362.445,159.292,278.421,415.338,47.4288,318.133,410.748,116.397,220.227,476.731,192.365,190.032,499.539,216.571,167.149,523.958,243.42,201.842,543.362,242.064,224.627,518.696,213.408,243.341,494.616,190.045,139.185,627.529,257.424,148.057,550.718,262.997,126.406,583.51,272.667,-34.5435,480.036,158.358,-38.4743,489.292,183.854,6.01156,486.573,186.919,4.91071,478.996,160.574
102.035,346.897,216.116,134.276,290.364,213.201,225.845,404.523,158.125,156.078,371.97,177.921,192.015,321.634,186.819,267.113,362.054,158.903,278.388,415.365,47.2305,318.095,410.705,116.187,220.259,476.66,192.194,190.103,499.49,216.437,167.258,523.925,243.308,201.941,543.298,241.916,224.701,518.637,213.246,243.385,494.532,189.868,139.339,627.483,257.352,148.18,550.683,262.896,126.549,583.467,272.589,-34.4771,480.047,158.35,-38.4114,489.302,183.855,6.04923,486.599,186.902,4.98036,479,160.558
102.185,345.34,215.459,134.742,289.004,212.403,225.8,403.892,157.743,156.165,370.853,177.427,192.34,320.674,186.206,267.288,361.643,158.518,278.354,415.38,47.0427,318.055,410.651,115.988,220.29,476.581,192.03,190.172,499.435,216.307,167.365,523.886,243.199,202.039,543.227,241.771,224.773,518.57,213.088,243.426,494.44,189.697,139.493,627.433,257.282,148.302,550.643,262.796,126.692,583.42,272.511,-34.411,480.056,158.342,-38.349,489.309,183.855,6.08834,486.622,186.883,5.04964,479.001,160.542
102.343,343.735,214.794,135.223,287.606,211.597,225.752,403.233,157.367,156.257,369.701,176.934,192.673,319.683,185.59,267.465,361.212,158.14,278.317,415.384,46.8654,318.01,410.585,115.8,220.32,476.496,191.873,190.239,499.374,216.181,167.47,523.842,243.093,202.136,543.149,241.63,224.843,518.497,212.936,243.466,494.34,189.53,139.648,627.377,257.213,148.423,550.597,262.698,126.835,583.368,272.435,-34.3452,480.062,158.332,-38.287,489.314,183.854,6.12898,486.642,186.864,5.11857,478.998,160.526
102.509,342.082,214.123,135.717,286.17,210.781,225.702,402.545,156.997,156.353,368.514,176.442,193.014,318.662,184.971,267.645,360.762,157.767,278.278,415.375,46.6983,317.962,410.508,115.623,220.347,476.403,191.724,190.303,499.306,216.059,167.574,523.791,242.989,202.231,543.065,241.491,224.911,518.416,212.788,243.503,494.233,189.368,139.804,627.316,257.146,148.544,550.545,262.602,126.977,583.31,272.358,-34.2797,480.066,158.322,-38.2253,489.316,183.852,6.17121,486.66,186.843,5.18715,478.992,160.51
102.683,340.385,213.446,136.225,284.699,209.958,225.649,401.831,156.634,156.454,367.294,175.953,193.363,317.612,184.349,267.826,360.291,157.4,278.235,415.353,46.5411,317.909,410.417,115.456,220.372,476.303,191.581,190.366,499.232,215.942,167.675,523.734,242.888,202.325,542.975,241.357,224.978,518.328,212.644,243.537,494.117,189.211,139.96,627.249,257.08,148.663,550.487,262.507,127.119,583.246,272.283,-34.2145,480.067,158.311,-38.164,489.314,183.85,6.2151,486.675,186.821,5.25537,478.983,160.493
102.864,338.644,212.764,136.745,283.193,209.127,225.594,401.089,156.276,156.559,366.042,175.466,193.719,316.533,183.725,268.007,359.801,157.038,278.189,415.317,46.3932,317.851,410.313,115.299,220.396,476.196,191.446,190.426,499.151,215.829,167.775,523.672,242.79,202.418,542.878,241.226,225.043,518.232,212.506,243.569,493.992,189.059,140.116,627.176,257.016,148.782,550.422,262.414,127.261,583.177,272.209,-34.1496,480.065,158.298,-38.1029,489.31,183.847,6.26069,486.688,186.798,5.32324,478.971,160.476
103.053,336.862,212.079,137.278,281.655,208.29,225.536,400.321,155.924,156.667,364.758,174.98,194.082,315.428,183.1,268.188,359.291,156.681,278.139,415.266,46.2542,317.788,410.194,115.151,220.417,476.08,191.317,190.484,499.064,215.721,167.873,523.602,242.694,202.509,542.773,241.099,225.107,518.128,212.372,243.598,493.859,188.911,140.274,627.097,256.954,148.899,550.352,262.323,127.402,583.103,272.136,-34.0849,480.061,158.285,-38.0422,489.303,183.844,6.30805,486.697,186.774,5.39075,478.955,160.46
103.25,335.042,211.391,137.822,280.087,207.447,225.476,399.527,155.579,156.778,363.444,174.498,194.451,314.296,182.473,268.369,358.761,156.329,278.083,415.2,46.1235,317.719,410.061,115.011,220.436,475.956,191.196,190.539,498.968,215.617,167.968,523.526,242.601,202.599,542.662,240.975,225.168,518.016,212.242,243.624,493.717,188.767,140.431,627.013,256.893,149.015,550.275,262.234,127.543,583.023,272.063,-34.0205,480.054,158.272,-37.9818,489.292,183.84,6.35721,486.704,186.748,5.45792,478.935,160.443
103.454,333.186,210.702,138.377,278.49,206.599,225.412,398.709,155.24,156.893,362.102,174.017,194.825,313.14,181.844,268.549,358.212,155.981,278.022,415.118,46.0003,317.644,409.913,114.879,220.453,475.824,191.081,190.593,498.866,215.518,168.062,523.442,242.511,202.688,542.543,240.855,225.228,517.895,212.117,243.648,493.565,188.627,140.59,626.923,256.834,149.131,550.191,262.147,127.684,582.937,271.992,-33.9564,480.044,158.257,-37.9217,489.279,183.836,6.4082,486.708,186.722,5.52474,478.912,160.426
103.665,331.296,210.011,138.941,276.867,205.747,225.346,397.866,154.907,157.01,360.733,173.539,195.203,311.96,181.215,268.726,357.644,155.638,277.955,415.019,45.8839,317.563,409.749,114.754,220.468,475.683,190.972,190.643,498.755,215.422,168.153,523.352,242.424,202.775,542.416,240.738,225.285,517.766,211.996,243.668,493.405,188.491,140.749,626.827,256.777,149.245,550.101,262.063,127.824,582.845,271.922,-33.8925,480.031,158.242,-37.8618,489.262,183.83,6.46105,486.708,186.694,5.59122,478.885,160.409
103.883,329.377,209.321,139.515,275.22,204.89,225.277,397,154.579,157.129,359.338,173.062,195.584,310.758,180.585,268.9,357.057,155.297,277.881,414.905,45.7736,317.474,409.57,114.635,220.481,475.533,190.868,190.691,498.637,215.331,168.243,523.254,242.34,202.861,542.282,240.624,225.341,517.628,211.879,243.686,493.235,188.358,140.908,626.725,256.721,149.358,550.004,261.98,127.963,582.747,271.852,-33.8289,480.015,158.225,-37.8021,489.242,183.825,6.51578,486.706,186.665,5.65736,478.854,160.392
104.108,327.43,208.632,140.096,273.55,204.03,225.205,396.113,154.258,157.249,357.92,172.587,195.969,309.536,179.954,269.071,356.451,154.96,277.8,414.774,45.6685,317.379,409.375,114.521,220.49,475.374,190.771,190.737,498.511,215.243,168.33,523.149,242.258,202.946,542.14,240.514,225.394,517.48,211.765,243.7,493.055,188.227,141.068,626.616,256.667,149.47,549.9,261.899,128.102,582.644,271.784,-33.7656,479.996,158.208,-37.7427,489.218,183.818,6.57241,486.7,186.634,5.72316,478.82,160.375
104.338,325.459,207.944,140.685,271.861,203.168,225.13,395.205,153.941,157.37,356.48,172.114,196.355,308.295,179.323,269.237,355.828,154.626,277.711,414.626,45.5679,317.275,409.163,114.412,220.498,475.206,190.678,190.78,498.376,215.159,168.415,523.036,242.179,203.029,541.99,240.407,225.446,517.323,211.655,243.712,492.866,188.1,141.229,626.502,256.614,149.581,549.79,261.82,128.241,582.534,271.716,-33.7024,479.974,158.191,-37.6835,489.191,183.811,6.63093,486.692,186.603,5.78863,478.781,160.357
104.575,323.467,207.258,141.279,270.155,202.304,225.052,394.277,153.63,157.491,355.019,171.641,196.741,307.036,178.691,269.398,355.187,154.293,277.615,414.461,45.4708,317.164,408.935,114.306,220.503,475.029,190.589,190.821,498.233,215.079,168.497,522.916,242.102,203.112,541.832,240.303,225.495,517.157,211.547,243.721,492.667,187.975,141.39,626.381,256.563,149.691,549.672,261.743,128.379,582.418,271.649,-33.6395,479.949,158.172,-37.6244,489.161,183.804,6.69136,486.68,186.57,5.85377,478.739,160.34
104.816,321.458,206.575,141.878,268.433,201.438,224.97,393.331,153.323,157.612,353.54,171.17,197.128,305.762,178.06,269.554,354.529,153.962,277.51,414.279,45.3765,317.045,408.691,114.203,220.505,474.842,190.505,190.859,498.082,215.002,168.578,522.787,242.027,203.193,541.666,240.202,225.543,516.981,211.443,243.726,492.458,187.852,141.552,626.254,256.514,149.8,549.547,261.667,128.517,582.296,271.583,-33.5769,479.921,158.153,-37.5656,489.127,183.796,6.75369,486.665,186.535,5.91858,478.694,160.323
105.062,319.435,205.895,142.48,266.7,200.571,224.885,392.368,153.021,157.731,352.045,170.698,197.513,304.475,177.429,269.703,353.855,153.631,277.395,414.08,45.2841,316.918,408.43,114.101,220.504,474.646,190.424,190.894,497.922,214.927,168.656,522.651,241.954,203.273,541.491,240.103,225.588,516.796,211.34,243.728,492.238,187.73,141.714,626.12,256.466,149.908,549.415,261.594,128.655,582.168,271.518,-33.5145,479.889,158.133,-37.5069,489.089,183.788,6.8179,486.647,186.499,5.98306,478.644,160.306
105.312,317.401,205.219,143.084,264.957,199.705,224.796,391.39,152.723,157.849,350.535,170.227,197.896,303.175,176.798,269.845,353.166,153.301,277.272,413.864,45.1928,316.782,408.154,114,220.5,474.44,190.346,190.927,497.753,214.855,168.732,522.506,241.884,203.352,541.308,240.007,225.631,516.6,211.24,243.728,492.009,187.61,141.878,625.98,256.42,150.015,549.276,261.522,128.792,582.034,271.454,-33.4523,479.854,158.113,-37.4483,489.048,183.779,6.88399,486.626,186.461,6.04723,478.59,160.288
105.565,315.359,204.547,143.688,263.206,198.839,224.703,390.398,152.428,157.964,349.014,169.756,198.276,301.866,176.167,269.979,352.463,152.97,277.139,413.632,45.1017,316.638,407.861,113.899,220.494,474.224,190.271,190.957,497.576,214.786,168.806,522.353,241.815,203.43,541.117,239.913,225.672,516.395,211.142,243.724,491.769,187.491,142.042,625.834,256.375,150.12,549.13,261.451,128.929,581.894,271.39,-33.3903,479.816,158.092,-37.3899,489.004,183.77,6.95193,486.602,186.422,6.11107,478.533,160.271
105.821,313.314,203.879,144.292,261.452,197.975,224.606,389.393,152.136,158.076,347.482,169.284,198.651,300.549,175.538,270.105,351.746,152.638,276.996,413.383,45.0101,316.486,407.552,113.797,220.484,473.999,190.197,190.985,497.39,214.718,168.878,522.191,241.748,203.507,540.917,239.821,225.711,516.18,211.045,243.717,491.52,187.373,142.207,625.682,256.331,150.225,548.976,261.383,129.066,581.748,271.327,-33.3286,479.774,158.07,-37.3316,488.955,183.76,7.02171,486.575,186.381,6.17461,478.471,160.253
106.079,311.268,203.215,144.894,259.695,197.112,224.505,388.377,151.847,158.184,345.943,168.812,199.021,299.225,174.91,270.222,351.017,152.305,276.844,413.118,44.9172,316.325,407.228,113.693,220.471,473.764,190.125,191.01,497.195,214.652,168.947,522.022,241.682,203.583,540.708,239.73,225.748,515.954,210.949,243.707,491.26,187.255,142.372,625.523,256.288,150.329,548.816,261.315,129.202,581.595,271.265,-33.267,479.729,158.047,-37.2734,488.903,183.749,7.09329,486.545,186.339,6.23782,478.406,160.235
106.337,309.224,202.556,145.492,257.939,196.253,224.399,387.351,151.561,158.287,344.399,168.339,199.385,297.898,174.282,270.33,350.276,151.97,276.681,412.837,44.8223,316.156,406.889,113.587,220.455,473.519,190.054,191.033,496.991,214.588,169.014,521.843,241.617,203.659,540.49,239.641,225.782,515.719,210.853,243.695,490.989,187.137,142.538,625.357,256.247,150.432,548.648,261.249,129.339,581.436,271.204,-33.2057,479.681,158.024,-37.2153,488.848,183.738,7.16664,486.512,186.294,6.30073,478.337,160.217
106.596,307.187,201.902,146.085,256.187,195.396,224.288,386.318,151.276,158.386,342.852,167.866,199.741,296.569,173.657,270.427,349.524,151.633,276.508,412.541,44.7248,315.978,406.534,113.477,220.435,473.264,189.983,191.053,496.778,214.524,169.079,521.657,241.553,203.733,540.264,239.553,225.815,515.474,210.758,243.679,490.709,187.02,142.705,625.186,256.206,150.534,548.473,261.184,129.475,581.271,271.143,-33.1446,479.629,158,-37.1572,488.788,183.727,7.24173,486.476,186.248,6.36333,478.264,160.198
106.854,305.159,201.253,146.672,254.441,194.544,224.173,385.279,150.993,158.478,341.304,167.391,200.089,295.24,173.033,270.514,348.764,151.294,276.324,412.23,44.6239,315.793,406.166,113.364,220.413,472.999,189.912,191.07,496.557,214.461,169.142,521.462,241.49,203.806,540.03,239.466,225.845,515.218,210.664,243.66,490.418,186.901,142.873,625.008,256.167,150.635,548.291,261.12,129.611,581.1,271.082,-33.0838,479.573,157.976,-37.0993,488.725,183.715,7.3185,486.437,186.201,6.42562,478.188,160.18
107.11,303.143,200.608,147.25,252.703,193.696,224.052,384.234,150.711,158.565,339.759,166.916,200.427,293.914,172.41,270.591,347.995,150.951,276.131,411.904,44.5192,315.599,405.783,113.246,220.386,472.725,189.84,191.085,496.327,214.399,169.203,521.258,241.427,203.879,539.786,239.38,225.874,514.953,210.569,243.639,490.117,186.782,143.042,624.823,256.128,150.736,548.101,261.057,129.747,580.923,271.022,-33.0231,479.515,157.951,-37.0414,488.658,183.703,7.39692,486.396,186.151,6.48761,478.107,160.161
107.364,301.143,199.968,147.818,250.977,192.853,223.927,383.187,150.429,158.645,338.218,166.44,200.755,292.591,171.791,270.656,347.22,150.605,275.927,411.564,44.41,315.398,405.387,113.122,220.356,472.442,189.767,191.098,496.088,214.336,169.262,521.046,241.365,203.951,539.534,239.295,225.9,514.677,210.474,243.614,489.806,186.663,143.211,624.633,256.091,150.836,547.905,260.994,129.883,580.74,270.963,-32.9627,479.452,157.926,-36.9835,488.588,183.69,7.47693,486.351,186.1,6.54928,478.023,160.142
107.615,299.161,199.334,148.375,249.265,192.016,223.796,382.139,150.148,158.717,336.684,165.964,201.072,291.275,171.173,270.71,346.438,150.255,275.713,411.21,44.296,315.189,404.978,112.993,220.323,472.149,189.693,191.108,495.841,214.274,169.318,520.826,241.303,204.022,539.274,239.209,225.924,514.393,210.378,243.587,489.485,186.542,143.382,624.436,256.054,150.935,547.702,260.933,130.019,580.55,270.904,-32.9024,479.387,157.9,-36.9257,488.513,183.677,7.55847,486.304,186.046,6.61065,477.935,160.122
107.861,297.201,198.705,148.92,247.57,191.185,223.66,381.091,149.867,158.782,335.16,165.488,201.376,289.967,170.559,270.753,345.652,149.902,275.489,410.844,44.1767,314.974,404.556,112.858,220.286,471.846,189.617,191.115,495.585,214.211,169.373,520.597,241.241,204.092,539.005,239.124,225.946,514.098,210.281,243.557,489.154,186.42,143.553,624.234,256.018,151.033,547.492,260.872,130.155,580.355,270.845,-32.8424,479.317,157.874,-36.8679,488.435,183.664,7.64147,486.254,185.991,6.67171,477.843,160.102
108.102,295.265,198.082,149.45,245.893,190.361,223.519,380.045,149.585,158.839,333.647,165.013,201.667,288.669,169.947,270.783,344.863,149.545,275.255,410.465,44.0517,314.751,404.123,112.717,220.245,471.535,189.539,191.12,495.322,214.147,169.425,520.361,241.179,204.161,538.729,239.039,225.966,513.794,210.183,243.524,488.814,186.297,143.725,624.025,255.982,151.131,547.275,260.811,130.291,580.154,270.787,-32.7826,479.245,157.847,-36.8101,488.353,183.649,7.72587,486.202,185.934,6.73247,477.748,160.081
108.337,293.356,197.465,149.964,244.237,189.544,223.372,379.002,149.303,158.888,332.149,164.537,201.944,287.382,169.338,270.802,344.072,149.184,275.012,410.075,43.9209,314.523,403.678,112.569,220.2,471.215,189.458,191.122,495.05,214.082,169.476,520.116,241.116,204.23,538.443,238.954,225.984,513.48,210.084,243.489,488.464,186.173,143.898,623.81,255.948,151.229,547.051,260.751,130.428,579.948,270.729,-32.7231,479.169,157.819,-36.7524,488.268,183.635,7.81159,486.147,185.875,6.7929,477.65,160.06
108.565,291.477,196.854,150.46,242.604,188.734,223.221,377.964,149.021,158.928,330.667,164.063,202.206,286.109,168.733,270.81,343.28,148.819,274.76,409.674,43.7839,314.288,403.223,112.413,220.152,470.886,189.375,191.122,494.77,214.016,169.524,519.864,241.053,204.298,538.151,238.868,226,513.158,209.984,243.451,488.105,186.046,144.071,623.59,255.913,151.326,546.821,260.69,130.564,579.735,270.671,-32.6638,479.089,157.791,-36.6947,488.179,183.62,7.89854,486.089,185.815,6.85303,477.547,160.038
108.785,289.63,196.249,150.938,240.997,187.933,223.064,376.933,148.737,158.959,329.204,163.591,202.453,284.852,168.132,270.805,342.488,148.45,274.498,409.262,43.6407,314.048,402.759,112.251,220.1,470.548,189.288,191.12,494.482,213.948,169.571,519.603,240.989,204.365,537.85,238.781,226.014,512.826,209.882,243.41,487.736,185.919,144.246,623.364,255.879,151.422,546.584,260.63,130.701,579.517,270.614,-32.6047,479.006,157.763,-36.637,488.086,183.604,7.98663,486.028,185.752,6.91283,477.442,160.015
108.995,287.817,195.652,151.396,239.416,187.139,222.901,375.909,148.453,158.982,327.762,163.121,202.683,283.611,167.534,270.789,341.698,148.077,274.228,408.841,43.4911,313.802,402.285,112.081,220.044,470.203,189.198,191.115,494.187,213.879,169.615,519.336,240.924,204.432,537.541,238.694,226.026,512.486,209.778,243.367,487.359,185.789,144.421,623.133,255.846,151.518,546.342,260.57,130.838,579.294,270.557,-32.5458,478.92,157.734,-36.5794,487.99,183.588,8.07578,485.965,185.688,6.9723,477.333,159.992
109.197,286.041,195.063,151.833,237.864,186.354,222.735,374.895,148.167,158.995,326.343,162.654,202.897,282.388,166.941,270.761,340.91,147.701,273.949,408.412,43.3352,313.551,401.802,111.905,219.984,469.85,189.105,191.107,493.885,213.808,169.658,519.061,240.858,204.498,537.226,238.606,226.035,512.138,209.673,243.321,486.974,185.658,144.597,622.896,255.812,151.613,546.093,260.51,130.975,579.065,270.5,-32.4873,478.83,157.704,-36.5217,487.891,183.571,8.16587,485.899,185.622,7.03143,477.221,159.968
109.387,284.302,194.482,152.247,236.343,185.578,222.563,373.891,147.88,159,324.949,162.19,203.094,281.184,166.352,270.722,340.125,147.321,273.663,407.974,43.1731,313.296,401.312,111.721,219.921,469.489,189.008,191.098,493.576,213.734,169.699,518.779,240.79,204.563,536.903,238.517,226.043,511.781,209.565,243.272,486.58,185.526,144.773,622.654,255.779,151.709,545.838,260.45,131.112,578.831,270.443,-32.4289,478.737,157.674,-36.4641,487.787,183.554,8.25681,485.83,185.554,7.09023,477.106,159.942
109.567,282.604,193.909,152.638,234.854,184.811,222.386,372.899,147.593,158.995,323.581,161.73,203.273,280.001,165.767,270.672,339.345,146.937,273.369,407.53,43.0048,313.037,400.815,111.529,219.854,469.121,188.908,191.086,493.261,213.659,169.738,518.49,240.722,204.628,536.573,238.427,226.049,511.417,209.455,243.222,486.179,185.391,144.95,622.407,255.746,151.803,545.578,260.389,131.249,578.593,270.387,-32.3709,478.641,157.644,-36.4065,487.681,183.536,8.34849,485.759,185.485,7.14867,476.988,159.916
109.734,280.947,193.345,153.004,233.397,184.053,222.206,371.92,147.304,158.981,322.241,161.275,203.434,278.839,165.188,270.61,338.57,146.551,273.069,407.079,42.8305,312.774,400.311,111.331,219.783,468.747,188.804,191.071,492.939,213.581,169.775,518.194,240.652,204.692,536.237,238.336,226.054,511.045,209.344,243.169,485.77,185.255,145.128,622.155,255.714,151.898,545.312,260.328,131.387,578.349,270.33,-32.3131,478.542,157.613,-36.349,487.571,183.518,8.44078,485.685,185.414,7.20675,476.867,159.889
109.889,279.332,192.792,153.345,231.975,183.305,222.021,370.954,147.015,158.957,320.931,160.825,203.577,277.7,164.613,270.538,337.801,146.162,272.762,406.623,42.6506,312.508,399.801,111.126,219.709,468.366,188.696,191.055,492.61,213.501,169.81,517.893,240.58,204.755,535.895,238.243,226.056,510.667,209.23,243.113,485.354,185.117,145.306,621.898,255.681,151.992,545.04,260.266,131.525,578.101,270.274,-32.2556,478.439,157.581,-36.2915,487.458,183.499,8.53358,485.608,185.342,7.26445,476.744,159.861
110.031,277.761,192.248,153.661,230.587,182.566,221.832,370.002,146.725,158.925,319.65,160.382,203.702,276.583,164.044,270.455,337.038,145.77,272.45,406.161,42.4652,312.239,399.287,110.915,219.631,467.978,188.584,191.036,492.277,213.419,169.844,517.585,240.507,204.817,535.546,238.149,226.056,510.281,209.115,243.056,484.931,184.978,145.485,621.637,255.648,152.086,544.764,260.204,131.663,577.848,270.217,-32.1984,478.334,157.549,-36.2341,487.341,183.48,8.62677,485.528,185.268,7.32177,476.617,159.832
110.159,276.235,191.715,153.95,229.234,181.837,221.64,369.065,146.435,158.884,318.401,159.945,203.808,275.489,163.48,270.362,336.283,145.376,272.132,405.696,42.2749,311.967,398.767,110.698,219.55,467.586,188.469,191.015,491.938,213.334,169.876,517.272,240.432,204.879,535.192,238.054,226.055,509.889,208.997,242.996,484.502,184.837,145.665,621.372,255.616,152.18,544.482,260.141,131.801,577.59,270.161,-32.1416,478.225,157.517,-36.1767,487.222,183.459,8.72021,485.446,185.194,7.37868,476.488,159.802
110.273,274.752,191.193,154.213,227.917,181.118,221.444,368.144,146.145,158.833,317.184,159.516,203.895,274.419,162.923,270.26,335.535,144.981,271.81,405.228,42.08,311.692,398.244,110.475,219.466,467.188,188.35,190.991,491.593,213.247,169.906,516.953,240.355,204.94,534.832,237.957,226.051,509.492,208.877,242.934,484.067,184.695,145.844,621.102,255.583,152.273,544.196,260.077,131.94,577.329,270.104,-32.0851,478.114,157.484,-36.1194,487.099,183.439,8.81379,485.36,185.118,7.43516,476.357,159.77
110.372,273.315,190.683,154.449,226.635,180.41,221.245,367.24,145.855,158.774,315.998,159.094,203.965,273.373,162.371,270.147,334.795,144.585,271.484,404.757,41.881,311.415,397.717,110.246,219.378,466.785,188.228,190.966,491.244,213.157,169.934,516.629,240.277,205,534.467,237.859,226.046,509.088,208.755,242.87,483.626,184.551,146.024,620.828,255.55,152.366,543.906,260.013,132.078,577.063,270.048,-32.0289,477.999,157.451,-36.0621,486.974,183.417,8.90737,485.271,185.041,7.49121,476.224,159.737
110.457,271.922,190.184,154.658,225.389,179.711,221.042,366.351,145.565,158.706,314.845,158.68,204.016,272.35,161.825,270.026,334.063,144.188,271.155,404.284,41.6784,311.136,397.187,110.013,219.287,466.378,188.102,190.938,490.891,213.064,169.961,516.301,240.196,205.059,534.098,237.759,226.039,508.68,208.631,242.804,483.18,184.407,146.205,620.551,255.517,152.459,543.611,259.947,132.217,576.794,269.991,-31.9732,477.882,157.417,-36.005,486.845,183.395,9.00084,485.18,184.964,7.5468,476.088,159.703
110.526,270.573,189.698,154.84,224.178,179.023,220.837,365.479,145.276,158.63,313.724,158.275,204.048,271.35,161.285,269.895,333.34,143.791,270.822,403.811,41.4727,310.855,396.654,109.775,219.193,465.966,187.974,190.909,490.534,212.969,169.987,515.968,240.114,205.118,533.724,237.657,226.03,508.266,208.505,242.736,482.73,184.26,146.385,620.27,255.483,152.551,543.312,259.881,132.356,576.521,269.935,-31.9178,477.762,157.383,-35.948,486.714,183.373,9.09405,485.085,184.885,7.6019,475.95,159.667
110.58,269.267,189.223,154.996,223,178.344,220.629,364.623,144.988,158.545,312.635,157.879,204.064,270.373,160.752,269.755,332.624,143.394,270.488,403.337,41.2645,310.572,396.12,109.533,219.096,465.551,187.842,190.877,490.173,212.872,170.01,515.632,240.03,205.176,533.346,237.554,226.02,507.848,208.378,242.665,482.275,184.113,146.566,619.985,255.45,152.643,543.009,259.814,132.495,576.244,269.878,-31.8628,477.64,157.348,-35.8912,486.581,183.349,9.1869,484.987,184.806,7.6565,475.81,159.63
110.619,268.003,188.76,155.126,221.857,177.676,220.418,363.783,144.702,158.451,311.577,157.492,204.062,269.418,160.225,269.607,331.917,142.998,270.152,402.863,41.0544,310.288,395.583,109.288,218.995,465.133,187.707,190.843,489.808,212.772,170.033,515.291,239.944,205.233,532.965,237.45,226.008,507.426,208.248,242.593,481.816,183.965,146.747,619.698,255.416,152.735,542.703,259.746,132.634,575.964,269.821,-31.8083,477.515,157.313,-35.8345,486.444,183.325,9.27923,484.886,184.727,7.71058,475.669,159.591
110.642,266.779,188.308,155.231,220.745,177.017,220.204,362.96,144.417,158.35,310.549,157.114,204.043,268.485,159.705,269.45,331.218,142.603,269.815,402.39,40.8429,310.002,395.045,109.04,218.892,464.711,187.569,190.807,489.441,212.67,170.054,514.948,239.856,205.289,532.579,237.343,225.993,507.001,208.117,242.519,481.353,183.816,146.928,619.407,255.382,152.827,542.394,259.677,132.773,575.681,269.763,-31.7543,477.387,157.277,-35.778,486.305,183.301,9.37094,484.782,184.647,7.76409,475.526,159.551
110.651,265.595,187.869,155.311,219.664,176.368,219.988,362.152,144.134,158.239,309.55,156.745,204.007,267.572,159.191,269.286,330.527,142.209,269.477,401.919,40.6304,309.714,394.506,108.789,218.785,464.287,187.429,190.769,489.07,212.565,170.073,514.601,239.766,205.344,532.191,237.236,225.977,506.571,207.983,242.442,480.888,183.666,147.108,619.114,255.347,152.918,542.081,259.606,132.913,575.395,269.706,-31.7007,477.258,157.241,-35.7217,486.164,183.275,9.46187,484.674,184.568,7.81702,475.381,159.509
110.645,264.447,187.441,155.367,218.613,175.729,219.768,361.359,143.853,158.121,308.578,156.385,203.956,266.679,158.683,269.113,329.843,141.818,269.139,401.45,40.4176,309.424,393.966,108.537,218.676,463.861,187.287,190.73,488.698,212.458,170.091,514.252,239.674,205.398,531.8,237.126,225.96,506.139,207.848,242.363,480.419,183.515,147.289,618.818,255.312,153.008,541.766,259.535,133.052,575.106,269.648,-31.6477,477.126,157.204,-35.6656,486.021,183.249,9.5519,484.563,184.488,7.86933,475.236,159.466
110.624,263.335,187.023,155.399,217.589,175.098,219.546,360.581,143.574,157.995,307.633,156.034,203.89,265.804,158.182,268.932,329.165,141.428,268.802,400.982,40.205,309.133,393.426,108.283,218.564,463.433,187.142,190.688,488.323,212.349,170.107,513.9,239.581,205.451,531.407,237.015,225.94,505.705,207.712,242.282,479.948,183.363,147.47,618.52,255.277,153.099,541.448,259.462,133.191,574.815,269.59,-31.5953,476.992,157.167,-35.6098,485.876,183.222,9.64091,484.449,184.408,7.92099,475.089,159.421
110.589,262.255,186.616,155.41,216.591,174.476,219.32,359.816,143.298,157.86,306.712,155.691,203.809,264.947,157.686,268.744,328.495,141.041,268.464,400.518,39.9929,308.839,392.885,108.027,218.448,463.003,186.995,190.644,487.946,212.237,170.123,513.546,239.485,205.503,531.011,236.903,225.918,505.268,207.574,242.199,479.475,183.211,147.65,618.219,255.241,153.188,541.127,259.388,133.33,574.521,269.531,-31.5434,476.856,157.13,-35.5543,485.728,183.194,9.72874,484.331,184.329,7.97197,474.941,159.374
110.541,261.204,186.219,155.4,215.618,173.862,219.092,359.064,143.024,157.717,305.814,155.356,203.714,264.106,157.197,268.549,327.83,140.656,268.127,400.057,39.7818,308.544,392.343,107.771,218.33,462.572,186.847,190.598,487.568,212.124,170.137,513.191,239.388,205.555,530.613,236.789,225.895,504.829,207.434,242.113,478.999,183.057,147.83,617.917,255.205,153.278,540.804,259.313,133.468,574.226,269.472,-31.4922,476.718,157.092,-35.4992,485.579,183.165,9.81528,484.21,184.25,8.02223,474.792,159.325
110.479,260.181,185.83,155.37,214.666,173.256,218.86,358.324,142.753,157.567,304.937,155.028,203.606,263.279,156.713,268.346,327.171,140.274,267.791,399.6,39.572,308.246,391.802,107.515,218.209,462.141,186.697,190.55,487.189,212.008,170.149,512.834,239.289,205.605,530.214,236.673,225.87,504.388,207.292,242.025,478.523,182.903,148.009,617.613,255.169,153.366,540.48,259.236,133.607,573.928,269.413,-31.4416,476.579,157.053,-35.4444,485.428,183.136,9.90037,484.086,184.171,8.07174,474.642,159.275
110.405,259.182,185.45,155.321,213.735,172.657,218.624,357.596,142.485,157.409,304.079,154.708,203.485,262.465,156.233,268.136,326.516,139.894,267.456,399.146,39.3639,307.946,391.26,107.258,218.085,461.708,186.545,190.5,486.809,211.891,170.161,512.476,239.188,205.653,529.813,236.556,225.843,503.946,207.15,241.935,478.045,182.748,148.188,617.307,255.132,153.454,540.153,259.158,133.745,573.628,269.353,-31.3918,476.438,157.015,-35.3899,485.275,183.106,9.98389,483.958,184.094,8.12046,474.491,159.223
110.319,258.205,185.078,155.255,212.821,172.065,218.385,356.877,142.219,157.244,303.237,154.393,203.353,261.663,155.759,267.919,325.865,139.517,267.121,398.696,39.1576,307.643,390.718,107.002,217.958,461.275,186.392,190.448,486.428,211.771,170.171,512.117,239.086,205.701,529.411,236.437,225.813,503.503,207.005,241.841,477.566,182.592,148.367,617,255.094,153.542,539.825,259.079,133.883,573.326,269.293,-31.3427,476.295,156.975,-35.3359,485.121,183.075,10.0657,483.827,184.017,8.16835,474.34,159.169
110.222,257.245,184.713,155.174,211.923,171.477,218.142,356.168,141.956,157.071,302.409,154.085,203.211,260.872,155.288,267.695,325.218,139.143,266.788,398.251,38.9533,307.337,390.177,106.746,217.828,460.841,186.237,190.393,486.046,211.649,170.18,511.757,238.982,205.747,529.008,236.317,225.782,503.059,206.859,241.745,477.086,182.436,148.544,616.691,255.056,153.629,539.496,258.999,134.02,573.023,269.232,-31.2943,476.151,156.935,-35.2824,484.965,183.043,10.1456,483.693,183.94,8.21536,474.189,159.114
110.115,256.301,184.353,155.079,211.039,170.895,217.894,355.466,141.695,156.891,301.594,153.781,203.058,260.089,154.821,267.464,324.574,138.771,266.455,397.81,38.7511,307.027,389.635,106.49,217.695,460.408,186.081,190.337,485.664,211.526,170.187,511.397,238.876,205.793,528.605,236.195,225.749,502.614,206.711,241.647,476.606,182.278,148.722,616.381,255.018,153.715,539.165,258.917,134.157,572.719,269.171,-31.2468,476.005,156.895,-35.2294,484.809,183.01,10.2236,483.556,183.865,8.26146,474.038,159.057
109.998,255.369,183.998,154.97,210.166,170.317,217.642,354.771,141.437,156.704,300.789,153.481,202.896,259.313,154.356,267.226,323.931,138.401,266.123,397.373,38.5511,306.714,389.093,106.234,217.559,459.975,185.924,190.279,485.282,211.4,170.194,511.036,238.768,205.837,528.201,236.071,225.713,502.169,206.562,241.545,476.126,182.119,148.898,616.071,254.979,153.801,538.833,258.834,134.294,572.413,269.109,-31.2002,475.859,156.854,-35.1769,484.651,182.977,10.2994,483.415,183.791,8.30661,473.886,158.998
109.873,254.447,183.647,154.85,209.301,169.741,217.386,354.082,141.181,156.51,299.992,153.185,202.726,258.543,153.893,266.982,323.29,138.032,265.792,396.942,38.3532,306.397,388.552,105.978,217.42,459.543,185.766,190.219,484.901,211.273,170.199,510.676,238.659,205.879,527.796,235.946,225.676,501.724,206.411,241.441,475.645,181.958,149.074,615.759,254.94,153.885,538.501,258.749,134.43,572.106,269.047,-31.1545,475.711,156.813,-35.125,484.492,182.943,10.3729,483.271,183.719,8.35075,473.734,158.938
109.74,253.53,183.298,154.72,208.444,169.167,217.124,353.397,140.926,156.311,299.201,152.89,202.548,257.778,153.432,266.732,322.65,137.665,265.461,396.515,38.1573,306.076,388.01,105.723,217.278,459.111,185.606,190.157,484.519,211.144,170.204,510.316,238.548,205.92,527.391,235.819,225.636,501.279,206.258,241.333,475.165,181.797,149.249,615.447,254.9,153.969,538.167,258.663,134.566,571.799,268.984,-31.1097,475.563,156.772,-35.0738,484.332,182.907,10.444,483.123,183.648,8.39384,473.583,158.875
109.6,252.617,182.951,154.582,207.592,168.594,216.857,352.716,140.673,156.104,298.414,152.597,202.364,257.015,152.971,266.475,322.011,137.299,265.13,396.092,37.9631,305.75,387.469,105.468,217.134,458.679,185.446,190.092,484.139,211.013,170.207,509.956,238.436,205.96,526.987,235.69,225.595,500.835,206.104,241.223,474.686,181.633,149.423,615.134,254.859,154.052,537.834,258.575,134.701,571.49,268.92,-31.066,475.414,156.73,-35.0232,484.172,182.871,10.5125,482.973,183.578,8.43583,473.431,158.812
109.454,251.705,182.604,154.437,206.743,168.021,216.585,352.037,140.421,155.893,297.629,152.304,202.174,256.254,152.509,266.212,321.371,136.933,264.799,395.675,37.7705,305.42,386.928,105.212,216.986,458.249,185.284,190.026,483.759,210.879,170.21,509.597,238.321,205.999,526.583,235.56,225.551,500.391,205.947,241.109,474.207,181.468,149.596,614.821,254.819,154.135,537.5,258.486,134.835,571.18,268.855,-31.0233,475.264,156.687,-34.9733,484.011,182.834,10.5784,482.819,183.51,8.47669,473.28,158.746
109.302,250.791,182.256,154.286,205.894,167.445,216.308,351.359,140.17,155.675,296.844,152.009,201.979,255.494,152.045,265.944,320.73,136.566,264.468,395.262,37.5789,305.084,386.387,104.956,216.835,457.82,185.12,189.958,483.379,210.744,170.212,509.239,238.206,206.036,526.178,235.427,225.505,499.948,205.789,240.993,473.729,181.3,149.768,614.507,254.777,154.216,537.165,258.395,134.969,570.87,268.79,-30.9817,475.114,156.644,-34.9242,483.85,182.796,10.6413,482.662,183.444,8.51636,473.13,158.679
109.147,249.873,181.906,154.131,205.045,166.867,216.025,350.681,139.918,155.452,296.057,151.713,201.78,254.733,151.579,265.67,320.088,136.198,264.136,394.854,37.3881,304.744,385.846,104.699,216.682,457.393,184.955,189.888,483.001,210.607,170.212,508.881,238.088,206.072,525.775,235.293,225.457,499.505,205.628,240.873,473.252,181.13,149.939,614.193,254.735,154.297,536.83,258.303,135.102,570.56,268.725,-30.9413,474.963,156.601,-34.8759,483.688,182.758,10.7013,482.502,183.38,8.5548,472.98,158.611
108.988,248.949,181.551,153.974,204.194,166.285,215.736,350.002,139.666,155.225,295.267,151.414,201.577,253.97,151.109,265.391,319.444,135.828,263.802,394.45,37.1975,304.397,385.306,104.44,216.526,456.967,184.789,189.816,482.624,210.468,170.212,508.524,237.969,206.107,525.372,235.157,225.407,499.064,205.465,240.75,472.777,180.958,150.109,613.879,254.693,154.376,536.495,258.209,135.234,570.249,268.658,-30.9021,474.812,156.558,-34.8285,483.526,182.718,10.7581,482.338,183.318,8.59195,472.831,158.54
108.826,248.017,181.191,153.814,203.339,165.697,215.441,349.322,139.413,154.992,294.472,151.11,201.371,253.205,150.635,265.106,318.798,135.455,263.467,394.051,37.0066,304.045,384.766,104.18,216.368,456.542,184.62,189.742,482.248,210.327,170.211,508.169,237.848,206.14,524.969,235.018,225.355,498.624,205.299,240.624,472.303,180.783,150.278,613.564,254.65,154.455,536.161,258.113,135.366,569.937,268.591,-30.8642,474.661,156.514,-34.782,483.365,182.678,10.8117,482.172,183.258,8.62777,472.682,158.469
108.661,247.075,180.823,153.654,202.479,165.102,215.141,348.639,139.157,154.755,293.671,150.8,201.163,252.437,150.154,264.817,318.15,135.079,263.131,393.656,36.8148,303.687,384.226,103.917,216.206,456.12,184.45,189.667,481.873,210.184,170.21,507.814,237.725,206.172,524.568,234.878,225.301,498.186,205.131,240.495,471.831,180.604,150.446,613.25,254.607,154.532,535.826,258.016,135.496,569.626,268.523,-30.8276,474.51,156.469,-34.7365,483.203,182.637,10.8619,482.002,183.2,8.66221,472.535,158.396
108.496,246.123,180.447,153.495,201.613,164.5,214.835,347.953,138.899,154.515,292.864,150.483,200.953,251.664,149.667,264.522,317.499,134.699,262.792,393.266,36.6215,303.324,383.687,103.651,216.043,455.699,184.277,189.59,481.5,210.038,170.207,507.461,237.601,206.202,524.167,234.735,225.245,497.749,204.96,240.363,471.361,180.422,150.613,612.936,254.563,154.609,535.492,257.918,135.626,569.314,268.455,-30.7923,474.359,156.425,-34.692,483.041,182.595,10.9086,481.83,183.144,8.69522,472.388,158.322
108.329,245.158,180.061,153.337,200.739,163.887,214.522,347.263,138.637,154.27,292.048,150.157,200.743,250.888,149.171,264.224,316.846,134.313,262.45,392.88,36.4259,302.954,383.149,103.382,215.877,455.28,184.102,189.511,481.129,209.89,170.204,507.109,237.475,206.232,523.767,234.59,225.187,497.314,204.785,240.228,470.892,180.237,150.779,612.622,254.519,154.685,535.158,257.818,135.755,569.002,268.386,-30.7585,474.208,156.38,-34.6485,482.88,182.552,10.9516,481.655,183.091,8.72677,472.242,158.247
108.161,244.18,179.663,153.181,199.858,163.264,214.204,346.569,138.37,154.022,291.223,149.822,200.531,250.106,148.667,263.921,316.191,133.92,262.106,392.499,36.2274,302.579,382.613,103.108,215.709,454.864,183.924,189.431,480.759,209.739,170.201,506.759,237.347,206.26,523.367,234.443,225.127,496.88,204.608,240.09,470.427,180.047,150.943,612.308,254.474,154.76,534.824,257.716,135.884,568.69,268.316,-30.7261,474.058,156.334,-34.6062,482.719,182.509,10.9909,481.476,183.04,8.75679,472.097,158.171
107.994,243.19,179.251,153.029,198.969,162.629,213.88,345.87,138.098,153.77,290.389,149.476,200.32,249.319,148.152,263.614,315.532,133.521,261.759,392.121,36.0252,302.197,382.078,102.83,215.539,454.449,183.744,189.349,480.391,209.586,170.197,506.409,237.217,206.286,522.969,234.293,225.065,496.449,204.428,239.95,469.963,179.853,151.106,611.994,254.429,154.834,534.491,257.612,136.011,568.378,268.245,-30.6952,473.908,156.289,-34.565,482.559,182.464,11.0264,481.295,182.991,8.78524,471.954,158.093
107.826,242.185,178.823,152.881,198.072,161.981,213.55,345.167,137.819,153.515,289.545,149.117,200.109,248.528,147.625,263.303,314.872,133.114,261.409,391.749,35.8186,301.81,381.544,102.547,215.368,454.037,183.56,189.267,480.024,209.43,170.193,506.062,237.085,206.312,522.572,234.141,225.002,496.019,204.244,239.807,469.503,179.654,151.269,611.68,254.384,154.906,534.158,257.508,136.137,568.066,268.174,-30.6659,473.759,156.243,-34.5251,482.4,182.419,11.0579,481.111,182.946,8.81209,471.812,158.015
107.659,241.167,178.379,152.736,197.166,161.318,213.214,344.458,137.532,153.258,288.692,148.745,199.898,247.731,147.086,262.988,314.209,132.697,261.056,391.38,35.6069,301.416,381.013,102.257,215.194,453.628,183.373,189.183,479.659,209.272,170.188,505.715,236.951,206.336,522.176,233.986,224.937,495.592,204.056,239.661,469.045,179.451,151.43,611.367,254.338,154.978,533.826,257.401,136.263,567.754,268.102,-30.6383,473.611,156.197,-34.4864,482.241,182.374,11.0854,480.924,182.902,8.83728,471.671,157.935
107.492,240.135,177.917,152.597,196.251,160.64,212.873,343.745,137.237,152.998,287.829,148.357,199.688,246.929,146.534,262.67,313.545,132.272,260.699,391.017,35.3893,301.018,380.483,101.96,215.02,453.221,183.182,189.097,479.296,209.11,170.183,505.37,236.816,206.359,521.781,233.828,224.87,495.167,203.865,239.514,468.59,179.242,151.589,611.054,254.292,155.049,533.494,257.293,136.388,567.442,268.029,-30.6122,473.463,156.151,-34.4491,482.084,182.327,11.1088,480.735,182.862,8.86077,471.531,157.855
107.326,239.091,177.435,152.463,195.329,159.945,212.526,343.027,136.931,152.735,286.956,147.954,199.48,246.124,145.967,262.349,312.88,131.835,260.339,390.658,35.165,300.614,379.957,101.657,214.844,452.817,182.987,189.011,478.935,208.946,170.177,505.027,236.678,206.381,521.387,233.668,224.802,494.744,203.67,239.364,468.139,179.028,151.748,610.742,254.245,155.119,533.163,257.184,136.511,567.13,267.956,-30.5879,473.316,156.104,-34.4132,481.927,182.281,11.128,480.543,182.824,8.88252,471.393,157.775
107.161,238.035,176.931,152.334,194.399,159.233,212.174,342.305,136.615,152.47,286.075,147.533,199.273,245.314,145.385,262.025,312.213,131.388,259.975,390.304,34.9335,300.205,379.434,101.345,214.667,452.416,182.788,188.924,478.576,208.779,170.171,504.685,236.538,206.402,520.994,233.504,224.732,494.324,203.471,239.212,467.69,178.809,151.906,610.43,254.198,155.188,532.832,257.073,136.634,566.819,267.882,-30.5654,473.171,156.058,-34.3787,481.772,182.233,11.1431,480.348,182.788,8.90249,471.256,157.693
106.996,236.967,176.405,152.211,193.463,158.503,211.816,341.579,136.287,152.202,285.185,147.094,199.067,244.501,144.787,261.698,311.547,130.928,259.608,389.955,34.6939,299.791,378.915,101.025,214.489,452.018,182.584,188.837,478.219,208.608,170.166,504.344,236.396,206.422,520.602,233.338,224.662,493.907,203.267,239.059,467.246,178.583,152.062,610.118,254.151,155.256,532.502,256.961,136.756,566.508,267.808,-30.5446,473.027,156.011,-34.3457,481.618,182.185,11.1539,480.151,182.755,8.92064,471.12,157.612
106.832,235.89,175.855,152.093,192.521,157.753,211.453,340.849,135.946,151.933,284.288,146.635,198.863,243.685,144.172,261.369,310.881,130.456,259.237,389.611,34.4456,299.372,378.4,100.695,214.31,451.623,182.376,188.749,477.864,208.434,170.16,504.005,236.252,206.441,520.211,233.169,224.59,493.491,203.06,238.904,466.804,178.352,152.217,609.806,254.103,155.324,532.172,256.847,136.877,566.197,267.733,-30.5256,472.883,155.964,-34.3142,481.465,182.137,11.1605,479.952,182.725,8.93694,470.986,157.529
106.668,234.804,175.281,151.981,191.575,156.983,211.086,340.117,135.592,151.661,283.385,146.157,198.66,242.868,143.539,261.037,310.216,129.971,258.864,389.273,34.1881,298.95,377.889,100.357,214.131,451.231,182.163,188.66,477.511,208.257,170.154,503.668,236.106,206.459,519.821,232.997,224.517,493.079,202.848,238.747,466.367,178.115,152.371,609.495,254.056,155.39,531.843,256.732,136.997,565.886,267.658,-30.5086,472.742,155.917,-34.2843,481.314,182.088,11.1627,479.751,182.698,8.95134,470.854,157.447
106.504,233.712,174.681,151.874,190.625,156.193,210.714,339.383,135.223,151.388,282.476,145.657,198.458,242.05,142.888,260.703,309.553,129.473,258.487,388.941,33.9209,298.523,377.384,100.008,213.952,450.842,181.944,188.571,477.16,208.077,170.147,503.331,235.958,206.475,519.432,232.822,224.443,492.669,202.632,238.59,465.933,177.872,152.523,609.184,254.008,155.455,531.515,256.616,137.116,565.575,267.582,-30.4934,472.602,155.87,-34.2561,481.165,182.038,11.1608,479.547,182.672,8.96381,470.723,157.364
106.341,232.614,174.054,151.771,189.674,155.381,210.339,338.649,134.84,151.113,281.564,145.136,198.258,241.233,142.218,260.368,308.893,128.96,258.108,388.615,33.6433,298.094,376.884,99.6481,213.773,450.456,181.721,188.481,476.811,207.893,170.141,502.996,235.807,206.491,519.044,232.644,224.369,492.262,202.412,238.431,465.504,177.622,152.675,608.874,253.96,155.52,531.187,256.499,137.234,565.265,267.506,-30.4801,472.463,155.824,-34.2295,481.017,181.989,11.1545,479.342,182.65,8.97433,470.594,157.282
106.177,231.513,173.4,151.673,188.722,154.547,209.959,337.914,134.44,150.836,280.649,144.593,198.059,240.417,141.529,260.03,308.236,128.432,257.726,388.295,33.3551,297.662,376.39,99.2778,213.594,450.073,181.492,188.392,476.464,207.705,170.135,502.662,235.654,206.506,518.657,232.463,224.294,491.858,202.187,238.272,465.078,177.366,152.825,608.564,253.912,155.583,530.86,256.38,137.35,564.955,267.429,-30.4689,472.326,155.777,-34.2046,480.872,181.938,11.1441,479.135,182.629,8.98286,470.467,157.199
106.012,230.411,172.719,151.578,187.772,153.691,209.575,337.18,134.024,150.557,279.733,144.027,197.861,239.604,140.82,259.691,307.584,127.89,257.342,387.983,33.0559,297.227,375.903,98.8965,213.415,449.694,181.257,188.302,476.119,207.514,170.129,502.33,235.5,206.52,518.271,232.279,224.218,491.456,201.958,238.112,464.657,177.104,152.974,608.255,253.863,155.646,530.533,256.261,137.466,564.646,267.353,-30.4596,472.191,155.73,-34.1816,480.728,181.888,11.1296,478.927,182.611,8.98938,470.341,157.116
105.846,229.31,172.01,151.487,186.824,152.813,209.189,336.448,133.592,150.277,278.819,143.439,197.664,238.794,140.09,259.35,306.938,127.333,256.957,387.677,32.7455,296.791,375.423,98.5039,213.237,449.318,181.017,188.212,475.776,207.32,170.123,501.999,235.343,206.533,517.886,232.092,224.141,491.057,201.725,237.952,464.239,176.836,153.121,607.945,253.815,155.708,530.207,256.14,137.581,564.336,267.276,-30.4523,472.058,155.683,-34.1603,480.586,181.837,11.111,478.717,182.595,8.99385,470.217,157.034
105.679,228.211,171.272,151.398,185.881,151.912,208.8,335.719,133.143,149.995,277.906,142.829,197.467,237.99,139.341,259.008,306.297,126.761,256.57,387.379,32.4236,296.354,374.95,98.0999,213.059,448.946,180.771,188.122,475.435,207.122,170.116,501.668,235.183,206.546,517.501,231.903,224.064,490.661,201.488,237.791,463.826,176.562,153.268,607.637,253.767,155.769,529.881,256.019,137.695,564.028,267.199,-30.4471,471.927,155.636,-34.1409,480.447,181.787,11.0884,478.506,182.581,8.99627,470.094,156.952
105.51,227.118,170.507,151.311,184.944,150.987,208.409,334.994,132.676,149.711,276.998,142.195,197.27,237.191,138.571,258.665,305.664,126.173,256.182,387.089,32.0903,295.915,374.485,97.6845,212.882,448.577,180.519,188.032,475.096,206.921,170.11,501.34,235.022,206.557,517.118,231.71,223.987,490.268,201.246,237.631,463.418,176.282,153.413,607.328,253.719,155.829,529.556,255.896,137.808,563.719,267.121,-30.444,471.797,155.589,-34.1234,480.309,181.735,11.0619,478.295,182.568,8.9966,469.974,156.87
105.339,226.032,169.713,151.225,184.015,150.04,208.016,334.275,132.193,149.425,276.096,141.54,197.073,236.401,137.781,258.321,305.039,125.571,255.794,386.807,31.7454,295.477,374.029,97.2577,212.705,448.211,180.262,187.943,474.759,206.716,170.104,501.012,234.859,206.567,516.735,231.515,223.909,489.878,201.001,237.47,463.013,175.996,153.557,607.021,253.671,155.889,529.231,255.773,137.92,563.411,267.044,-30.4429,471.67,155.542,-34.1079,480.174,181.684,11.0317,478.083,182.557,8.99483,469.855,156.788
105.165,224.955,168.893,151.139,183.096,149.07,207.621,333.562,131.692,149.138,275.201,140.862,196.876,235.618,136.971,257.976,304.423,124.954,255.406,386.533,31.3892,295.038,373.581,96.8197,212.53,447.849,179.999,187.853,474.424,206.507,170.098,500.685,234.694,206.577,516.353,231.318,223.831,489.49,200.752,237.31,462.613,175.704,153.7,606.713,253.624,155.947,528.907,255.65,138.03,563.103,266.967,-30.444,471.545,155.496,-34.0943,480.041,181.633,10.9978,477.87,182.548,8.99094,469.738,156.708
104.988,223.89,168.044,151.053,182.188,148.076,207.225,332.856,131.175,148.848,274.316,140.162,196.678,234.846,136.14,257.631,303.816,124.322,255.018,386.268,31.0219,294.601,373.142,96.3707,212.355,447.491,179.73,187.764,474.091,206.296,170.092,500.36,234.527,206.585,515.972,231.118,223.753,489.106,200.499,237.15,462.217,175.408,153.841,606.406,253.576,156.005,528.584,255.526,138.14,562.796,266.89,-30.4471,471.423,155.449,-34.0827,479.911,181.582,10.9604,477.658,182.54,8.98493,469.623,156.627
104.807,222.838,167.17,150.965,181.292,147.061,206.829,332.159,130.641,148.556,273.441,139.442,196.478,234.084,135.29,257.285,303.219,123.676,254.631,386.012,30.6437,294.164,372.713,95.911,212.182,447.136,179.456,187.675,473.761,206.081,170.085,500.035,234.358,206.593,515.592,230.915,223.675,488.724,200.243,236.991,461.826,175.106,153.981,606.1,253.529,156.061,528.261,255.401,138.248,562.489,266.813,-30.4524,471.302,155.403,-34.0731,479.784,181.53,10.9196,477.446,182.533,8.97677,469.51,156.548
104.623,221.801,166.269,150.875,180.411,146.023,206.433,331.471,130.091,148.262,272.579,138.701,196.277,233.335,134.421,256.938,302.634,123.017,254.245,385.765,30.2551,293.729,372.293,95.441,212.009,446.784,179.177,187.586,473.432,205.863,170.079,499.712,234.187,206.599,515.212,230.711,223.596,488.345,199.984,236.832,461.439,174.8,154.12,605.794,253.483,156.117,527.938,255.276,138.355,562.183,266.736,-30.4599,471.185,155.357,-34.0656,479.659,181.479,10.8757,477.234,182.527,8.96647,469.398,156.469
104.434,220.781,165.344,150.781,179.546,144.963,206.038,330.794,129.525,147.965,271.731,137.941,196.074,232.598,133.533,256.591,302.06,122.344,253.861,385.527,29.8564,293.297,371.883,94.9613,211.838,446.437,178.892,187.497,473.106,205.642,170.072,499.39,234.014,206.604,514.833,230.505,223.517,487.968,199.722,236.674,461.056,174.489,154.257,605.489,253.437,156.172,527.617,255.151,138.461,561.878,266.659,-30.4694,471.069,155.31,-34.0603,479.536,181.428,10.8287,477.024,182.522,8.95401,469.289,156.391
104.24,219.78,164.394,150.683,178.697,143.883,205.643,330.127,128.944,147.666,270.899,137.162,195.868,231.875,132.626,256.244,301.498,121.658,253.479,385.299,29.4483,292.867,371.482,94.4723,211.668,446.092,178.603,187.409,472.781,205.418,170.065,499.069,233.84,206.608,514.455,230.296,223.438,487.594,199.457,236.517,460.677,174.174,154.393,605.185,253.391,156.225,527.295,255.025,138.565,561.573,266.583,-30.4811,470.956,155.265,-34.057,479.417,181.377,10.7788,476.815,182.518,8.9394,469.181,156.314
104.041,218.799,163.421,150.579,177.867,142.782,205.249,329.473,128.348,147.364,270.082,136.366,195.659,231.166,131.703,255.896,300.948,120.961,253.099,385.08,29.0315,292.44,371.092,93.9747,211.499,445.752,178.309,187.321,472.459,205.192,170.057,498.749,233.665,206.611,514.077,230.087,223.359,487.223,199.19,236.36,460.303,173.856,154.528,604.881,253.346,156.278,526.975,254.9,138.668,561.268,266.508,-30.495,470.846,155.219,-34.0559,479.3,181.326,10.7263,476.607,182.513,8.92263,469.076,156.238
103.837,217.839,162.427,150.47,177.055,141.663,204.856,328.831,127.739,147.058,269.284,135.552,195.447,230.473,130.763,255.549,300.411,120.253,252.722,384.87,28.6065,292.016,370.711,93.4693,211.33,445.414,178.011,187.232,472.138,204.962,170.049,498.43,233.488,206.613,513.7,229.875,223.28,486.855,198.921,236.204,459.933,173.535,154.661,604.578,253.301,156.329,526.655,254.774,138.77,560.965,266.432,-30.511,470.738,155.173,-34.0569,479.186,181.275,10.6713,476.402,182.509,8.9037,468.972,156.162
103.626,216.901,161.411,150.354,176.264,140.524,204.465,328.202,127.118,146.75,268.504,134.724,195.231,229.795,129.807,255.201,299.888,119.534,252.348,384.67,28.1742,291.595,370.341,92.9567,211.163,445.081,177.709,187.144,471.82,204.731,170.041,498.112,233.31,206.613,513.324,229.663,223.201,486.489,198.651,236.049,459.567,173.211,154.792,604.275,253.257,156.379,526.336,254.648,138.871,560.662,266.358,-30.5291,470.633,155.128,-34.0601,479.075,181.225,10.614,476.199,182.505,8.88261,468.871,156.088
103.409,215.987,160.375,150.23,175.493,139.369,204.075,327.587,126.484,146.437,267.744,133.881,195.012,229.134,128.837,254.853,299.377,118.806,251.977,384.479,27.7354,291.179,369.98,92.4378,210.997,444.75,177.403,187.055,471.504,204.498,170.032,497.796,233.131,206.612,512.949,229.45,223.121,486.126,198.379,235.894,459.205,172.885,154.922,603.974,253.214,156.429,526.017,254.523,138.97,560.36,266.284,-30.5494,470.531,155.083,-34.0655,478.967,181.174,10.5545,475.998,182.5,8.85938,468.771,156.014
103.185,215.097,159.322,150.098,174.744,138.198,203.688,326.985,125.84,146.121,267.004,133.025,194.787,228.489,127.854,254.504,298.88,118.07,251.61,384.297,27.2909,290.766,369.629,91.9135,210.831,444.424,177.094,186.967,471.19,204.262,170.022,497.48,232.951,206.61,512.574,229.236,223.041,485.766,198.106,235.741,458.847,172.557,155.051,603.673,253.171,156.476,525.7,254.398,139.067,560.059,266.21,-30.5718,470.432,155.038,-34.0732,478.861,181.124,10.4931,475.801,182.495,8.83401,468.673,155.942
102.955,214.232,158.25,149.957,174.016,137.011,203.302,326.398,125.185,145.8,266.284,132.157,194.558,227.862,126.858,254.156,298.396,117.327,251.247,384.125,26.8417,290.358,369.288,91.3846,210.666,444.1,176.782,186.878,470.878,204.025,170.011,497.166,232.77,206.606,512.2,229.021,222.961,485.408,197.832,235.588,458.492,172.228,155.178,603.374,253.129,156.523,525.384,254.273,139.163,559.76,266.138,-30.5964,470.335,154.994,-34.083,478.759,181.074,10.43,475.607,182.489,8.8065,468.578,155.871
102.717,213.392,157.164,149.807,173.31,135.812,202.919,325.826,124.522,145.476,265.586,131.279,194.324,227.252,125.852,253.807,297.926,116.577,250.888,383.962,26.3888,289.953,368.956,90.8521,210.502,443.781,176.468,186.789,470.569,203.787,169.999,496.854,232.589,206.6,511.827,228.807,222.88,485.053,197.558,235.435,458.142,171.898,155.303,603.076,253.088,156.568,525.068,254.148,139.257,559.461,266.066,-30.623,470.241,154.949,-34.0951,478.66,181.025,10.3653,475.417,182.483,8.77688,468.485,155.8
102.472,212.577,156.062,149.646,172.625,134.6,202.537,325.268,123.852,145.146,264.909,130.391,194.085,226.659,124.836,253.457,297.468,115.823,250.532,383.807,25.933,289.553,368.632,90.3169,210.338,443.464,176.152,186.699,470.262,203.547,169.986,496.543,232.407,206.593,511.455,228.592,222.799,484.7,197.284,235.283,457.795,171.568,155.426,602.779,253.048,156.611,524.754,254.024,139.35,559.164,265.994,-30.6518,470.15,154.905,-34.1094,478.564,180.976,10.2993,475.231,182.475,8.74514,468.393,155.731
102.22,211.787,154.947,149.475,171.963,133.378,202.157,324.724,123.174,144.812,264.253,129.495,193.84,226.083,123.812,253.107,297.024,115.064,250.18,383.66,25.4754,289.157,368.318,89.78,210.174,443.151,175.834,186.609,469.957,203.307,169.972,496.233,232.225,206.584,511.085,228.378,222.717,484.35,197.01,235.132,457.452,171.238,155.548,602.483,253.009,156.653,524.441,253.9,139.44,558.868,265.924,-30.6826,470.061,154.861,-34.1259,478.471,180.927,10.232,475.05,182.467,8.71132,468.304,155.663
101.961,211.021,153.821,149.292,171.322,132.146,201.779,324.196,122.491,144.474,263.619,128.592,193.588,225.525,122.781,252.757,296.592,114.302,249.833,383.522,25.0169,288.766,368.012,89.2424,210.011,442.842,175.515,186.517,469.654,203.066,169.957,495.925,232.043,206.573,510.715,228.164,222.634,484.002,196.737,234.98,457.112,170.909,155.667,602.188,252.97,156.693,524.13,253.777,139.529,558.573,265.855,-30.7155,469.976,154.818,-34.1447,478.381,180.879,10.1637,474.873,182.457,8.67542,468.217,155.596
101.693,210.28,152.684,149.098,170.703,130.908,201.402,323.682,121.803,144.13,263.006,127.684,193.331,224.984,121.744,252.405,296.173,113.539,249.489,383.391,24.5585,288.378,367.714,88.7049,209.847,442.535,175.195,186.425,469.354,202.824,169.94,495.619,231.862,206.56,510.347,227.952,222.55,483.657,196.465,234.829,456.776,170.581,155.785,601.896,252.932,156.732,523.82,253.655,139.616,558.28,265.786,-30.7505,469.893,154.774,-34.1657,478.294,180.831,10.0945,474.701,182.445,8.63745,468.132,155.53
101.419,209.563,151.538,148.893,170.104,129.663,201.026,323.182,121.112,143.781,262.413,126.772,193.068,224.459,120.703,252.053,295.766,112.775,249.149,383.268,24.1011,287.994,367.424,88.1685,209.683,442.233,174.875,186.332,469.057,202.583,169.921,495.314,231.68,206.546,509.98,227.74,222.466,483.314,196.194,234.678,456.443,170.255,155.901,601.605,252.896,156.768,523.512,253.534,139.701,557.989,265.719,-30.7875,469.813,154.731,-34.189,478.21,180.784,10.0245,474.535,182.433,8.59745,468.049,155.466
101.137,208.869,150.385,148.675,169.526,128.414,200.651,322.696,120.418,143.427,261.841,125.856,192.798,223.951,119.66,251.699,295.371,112.012,248.812,383.152,23.6457,287.614,367.141,87.6342,209.518,441.933,174.555,186.238,468.762,202.341,169.901,495.012,231.499,206.529,509.615,227.53,222.38,482.974,195.925,234.527,456.113,169.93,156.014,601.316,252.86,156.803,523.205,253.413,139.784,557.7,265.652,-30.8265,469.736,154.688,-34.2145,478.13,180.736,9.95401,474.373,182.418,8.55542,467.969,155.402
100.847,208.197,149.226,148.446,168.967,127.163,200.277,322.223,119.723,143.069,261.288,124.938,192.521,223.458,118.616,251.345,294.987,111.25,248.479,383.043,23.1932,287.238,366.865,87.1029,209.353,441.637,174.236,186.143,468.469,202.101,169.878,494.711,231.318,206.51,509.251,227.321,222.294,482.637,195.658,234.375,455.787,169.609,156.126,601.028,252.825,156.836,522.9,253.293,139.865,557.412,265.587,-30.8676,469.662,154.646,-34.2422,478.052,180.69,9.88303,474.218,182.403,8.51139,467.89,155.34
100.551,207.547,148.062,148.205,168.427,125.91,199.903,321.764,119.028,142.705,260.754,124.02,192.238,222.981,117.572,250.989,294.613,110.49,248.148,382.939,22.7444,286.864,366.596,86.5753,209.187,441.344,173.918,186.046,468.179,201.861,169.854,494.413,231.139,206.489,508.89,227.114,222.206,482.302,195.394,234.223,455.464,169.29,156.235,600.743,252.791,156.866,522.598,253.175,139.943,557.127,265.523,-30.9106,469.591,154.603,-34.2722,477.978,180.644,9.81173,474.068,182.385,8.46538,467.813,155.279
100.247,206.916,146.895,147.951,167.904,124.659,199.528,321.317,118.333,142.336,260.238,123.101,191.948,222.519,116.529,250.631,294.25,109.734,247.82,382.842,22.3002,286.493,366.332,86.0522,209.02,441.055,173.601,185.947,467.892,201.622,169.827,494.116,230.96,206.466,508.53,226.909,222.116,481.97,195.132,234.071,455.144,168.974,156.342,600.46,252.758,156.895,522.297,253.057,140.02,556.844,265.459,-30.9556,469.523,154.561,-34.3044,477.906,180.598,9.74022,473.925,182.365,8.41741,467.739,155.219
99.9361,206.305,145.726,147.686,167.398,123.409,199.153,320.882,117.64,141.963,259.739,122.184,191.651,222.071,115.489,250.271,293.896,108.982,247.495,382.75,21.8613,286.125,366.073,85.5345,208.851,440.768,173.287,185.846,467.607,201.384,169.798,493.823,230.783,206.44,508.173,226.707,222.025,481.64,194.872,233.917,454.826,168.662,156.447,600.18,252.726,156.921,521.999,252.94,140.093,556.564,265.397,-31.0025,469.457,154.519,-34.3388,477.838,180.553,9.6686,473.788,182.344,8.36751,467.667,155.16
99.6184,205.712,144.557,147.41,166.909,122.164,198.777,320.459,116.949,141.585,259.256,121.269,191.348,221.637,114.454,249.909,293.551,108.236,247.171,382.663,21.4285,285.758,365.82,85.0229,208.681,440.485,172.974,185.744,467.325,201.148,169.767,493.531,230.607,206.412,507.818,226.507,221.932,481.313,194.616,233.762,454.512,168.354,156.549,599.902,252.695,156.944,521.704,252.825,140.165,556.286,265.336,-31.0514,469.394,154.478,-34.3754,477.772,180.508,9.59697,473.657,182.321,8.31569,467.596,155.102
99.2939,205.137,143.389,147.122,166.433,120.924,198.399,320.046,116.261,141.204,258.789,120.357,191.038,221.215,113.424,249.545,293.215,107.496,246.849,382.58,21.0025,285.393,365.571,84.518,208.51,440.206,172.665,185.64,467.047,200.914,169.733,493.243,230.433,206.382,507.465,226.31,221.838,480.988,194.364,233.607,454.201,168.05,156.648,599.626,252.664,156.966,521.41,252.711,140.234,556.01,265.276,-31.1022,469.334,154.437,-34.4142,477.71,180.464,9.52541,473.532,182.296,8.26199,467.528,155.046
98.9629,204.577,142.225,146.823,165.972,119.691,198.02,319.644,115.578,140.818,258.335,119.449,190.721,220.806,112.401,249.178,292.886,106.763,246.528,382.502,20.5838,285.03,365.326,84.0203,208.336,439.929,172.358,185.533,466.771,200.682,169.697,492.957,230.261,206.349,507.116,226.116,221.741,480.667,194.115,233.449,453.892,167.751,156.745,599.354,252.635,156.984,521.12,252.599,140.3,555.737,265.218,-31.1548,469.276,154.396,-34.4552,477.65,180.421,9.45402,473.414,182.269,8.20642,467.462,154.991
98.6254,204.031,141.065,146.513,165.523,118.466,197.638,319.251,114.9,140.428,257.895,118.546,190.398,220.407,111.385,248.809,292.565,106.038,246.208,382.427,20.1731,284.666,365.085,83.5306,208.161,439.656,172.056,185.424,466.498,200.453,169.657,492.674,230.09,206.313,506.769,225.926,221.642,480.347,193.87,233.291,453.587,167.457,156.839,599.084,252.607,157.001,520.833,252.487,140.364,555.468,265.16,-31.2094,469.222,154.355,-34.4983,477.594,180.378,9.38284,473.303,182.24,8.149,467.398,154.936
98.2818,203.5,139.91,146.193,165.086,117.252,197.254,318.867,114.227,140.035,257.466,117.649,190.069,220.02,110.378,248.437,292.25,105.321,245.888,382.355,19.7709,284.304,364.846,83.0492,207.983,439.386,171.757,185.313,466.228,200.226,169.615,492.394,229.922,206.275,506.425,225.738,221.541,480.031,193.63,233.13,453.284,167.167,156.931,598.818,252.579,157.014,520.548,252.378,140.424,555.201,265.104,-31.2657,469.169,154.315,-34.5436,477.54,180.335,9.31196,473.198,182.21,8.08978,467.336,154.884
97.9321,202.981,138.763,145.864,164.659,116.048,196.867,318.492,113.561,139.638,257.049,116.759,189.734,219.642,109.382,248.061,291.942,104.614,245.568,382.286,19.3776,283.941,364.611,82.5766,207.803,439.12,171.462,185.199,465.961,200.002,169.57,492.117,229.756,206.234,506.085,225.555,221.438,479.717,193.393,232.968,452.984,166.884,157.019,598.554,252.552,157.025,520.267,252.27,140.482,554.938,265.049,-31.3239,469.12,154.275,-34.5911,477.489,180.293,9.24141,473.1,182.177,8.02876,467.276,154.832
97.5766,202.474,137.624,145.525,164.241,114.858,196.477,318.123,112.902,139.239,256.641,115.875,189.393,219.273,108.396,247.683,291.638,103.916,245.248,382.22,18.9936,283.577,364.377,82.1132,207.62,438.856,171.172,185.082,465.697,199.782,169.521,491.843,229.592,206.191,505.748,225.375,221.333,479.407,193.162,232.803,452.686,166.606,157.105,598.294,252.527,157.032,519.99,252.163,140.537,554.678,264.995,-31.3838,469.073,154.235,-34.6406,477.441,180.252,9.17125,473.008,182.143,7.96598,467.217,154.781
97.2155,201.977,136.495,145.177,163.832,113.681,196.083,317.762,112.251,138.837,256.243,115,189.046,218.913,107.422,247.301,291.34,103.228,244.926,382.155,18.6194,283.213,364.146,81.6594,207.435,438.596,170.886,184.963,465.437,199.565,169.47,491.573,229.432,206.145,505.414,225.2,221.224,479.099,192.935,232.636,452.392,166.333,157.187,598.037,252.502,157.037,519.715,252.059,140.589,554.421,264.942,-31.4456,469.028,154.196,-34.6923,477.395,180.211,9.10151,472.924,182.107,7.90145,467.161,154.732
96.849,201.49,135.377,144.822,163.431,112.519,195.686,317.407,111.608,138.432,255.852,114.134,188.694,218.56,106.461,246.915,291.046,102.551,244.604,382.093,18.2551,282.847,363.915,81.2154,207.247,438.339,170.606,184.84,465.18,199.351,169.415,491.306,229.274,206.096,505.084,225.028,221.114,478.793,192.713,232.467,452.099,166.067,157.266,597.784,252.478,157.039,519.445,251.956,140.638,554.168,264.891,-31.509,468.986,154.157,-34.7461,477.352,180.171,9.03223,472.846,182.069,7.83521,467.106,154.684
96.4775,201.012,134.271,144.459,163.035,111.374,195.285,317.057,110.974,138.024,255.468,113.277,188.337,218.214,105.513,246.526,290.756,101.886,244.279,382.032,17.9012,282.479,363.686,80.7815,207.056,438.085,170.331,184.715,464.926,199.142,169.356,491.043,229.119,206.044,504.758,224.861,221,478.491,192.496,232.296,451.81,165.807,157.343,597.535,252.455,157.038,519.178,251.855,140.684,553.918,264.841,-31.5742,468.946,154.118,-34.8019,477.312,180.131,8.96341,472.774,182.03,7.76728,467.054,154.637
96.101,200.542,133.178,144.089,162.646,110.245,194.881,316.713,110.35,137.615,255.09,112.431,187.975,217.874,104.58,246.134,290.469,101.232,243.953,381.972,17.5577,282.11,363.458,80.3579,206.862,437.835,170.062,184.587,464.675,198.937,169.295,490.783,228.967,205.989,504.436,224.698,220.884,478.192,192.284,232.121,451.523,165.554,157.416,597.289,252.432,157.034,518.915,251.756,140.726,553.673,264.792,-31.6412,468.909,154.08,-34.8598,477.274,180.092,8.89509,472.709,181.989,7.69769,467.003,154.592
95.72,200.08,132.1,143.713,162.261,109.135,194.473,316.373,109.736,137.203,254.718,111.594,187.609,217.54,103.661,245.738,290.185,100.59,243.625,381.913,17.225,281.738,363.23,79.9449,206.664,437.587,169.799,184.456,464.428,198.736,169.23,490.527,228.819,205.932,504.118,224.54,220.765,477.895,192.078,231.945,451.239,165.307,157.485,597.047,252.411,157.026,518.656,251.659,140.766,553.431,264.744,-31.7097,468.873,154.042,-34.9198,477.239,180.054,8.82727,472.651,181.947,7.62645,466.953,154.547
95.3346,199.625,131.036,143.332,161.881,108.043,194.061,316.038,109.132,136.79,254.35,110.769,187.239,217.211,102.758,245.338,289.904,99.9611,243.295,381.854,16.9032,281.364,363.002,79.5424,206.464,437.343,169.541,184.321,464.184,198.539,169.161,490.276,228.673,205.871,503.804,224.387,220.643,477.602,191.877,231.765,450.957,165.066,157.551,596.809,252.39,157.016,518.401,251.564,140.801,553.194,264.698,-31.78,468.84,154.004,-34.9818,477.206,180.016,8.75996,472.6,181.903,7.5536,466.906,154.504
94.9452,199.176,129.988,142.946,161.505,106.97,193.645,315.706,108.539,136.375,253.987,109.956,186.864,216.886,101.872,244.935,289.624,99.3452,242.962,381.796,16.5924,280.988,362.774,79.1508,206.261,437.102,169.29,184.183,463.944,198.347,169.089,490.028,228.532,205.808,503.494,224.238,220.518,477.312,191.682,231.583,450.678,164.833,157.614,596.576,252.37,157.002,518.15,251.471,140.834,552.96,264.653,-31.8519,468.809,153.967,-35.0458,477.176,179.979,8.69315,472.554,181.858,7.47916,466.86,154.462
94.5521,198.733,128.957,142.556,161.132,105.918,193.226,315.377,107.957,135.958,253.627,109.154,186.487,216.565,101.001,244.528,289.347,98.7427,242.627,381.738,16.2926,280.609,362.546,78.7699,206.055,436.864,169.046,184.043,463.707,198.161,169.013,489.784,228.394,205.741,503.189,224.095,220.39,477.024,191.493,231.398,450.402,164.606,157.673,596.346,252.351,156.984,517.903,251.38,140.863,552.731,264.609,-31.9254,468.78,153.93,-35.1117,477.147,179.942,8.62684,472.515,181.811,7.40315,466.815,154.422
94.1557,198.296,127.942,142.163,160.761,104.886,192.803,315.052,107.387,135.54,253.269,108.365,186.106,216.248,100.149,244.118,289.071,98.1542,242.289,381.68,16.0041,280.227,362.317,78.4001,205.845,436.629,168.808,183.899,463.474,197.979,168.934,489.544,228.26,205.672,502.888,223.956,220.259,476.74,191.31,231.21,450.128,164.387,157.729,596.121,252.333,156.964,517.661,251.292,140.888,552.506,264.567,-32.0005,468.753,153.894,-35.1797,477.121,179.906,8.56101,472.483,181.764,7.3256,466.772,154.382
93.7561,197.863,126.944,141.768,160.393,103.876,192.378,314.729,106.829,135.12,252.914,107.588,185.723,215.934,99.3135,243.705,288.796,97.5798,241.948,381.622,15.7268,279.842,362.088,78.0411,205.633,436.397,168.578,183.751,463.244,197.802,168.851,489.309,228.13,205.6,502.592,223.823,220.125,476.459,191.132,231.02,449.857,164.175,157.78,595.9,252.316,156.94,517.424,251.206,140.91,552.285,264.526,-32.0771,468.728,153.858,-35.2496,477.097,179.871,8.49566,472.456,181.715,7.24653,466.731,154.344
93.3539,197.436,125.964,141.371,160.027,102.886,191.949,314.408,106.283,134.699,252.561,106.825,185.337,215.622,98.4965,243.289,288.523,97.02,241.605,381.564,15.4608,279.455,361.857,77.6933,205.417,436.169,168.354,183.601,463.018,197.631,168.764,489.077,228.004,205.525,502.301,223.695,219.988,476.182,190.961,230.826,449.589,163.97,157.829,595.683,252.3,156.912,517.191,251.123,140.928,552.069,264.486,-32.1553,468.705,153.823,-35.3214,477.074,179.836,8.43075,472.436,181.666,7.16597,466.69,154.308
92.9494,197.013,125.001,140.974,159.663,101.919,191.518,314.09,105.749,134.278,252.21,106.074,184.95,215.312,97.6979,242.871,288.25,96.4752,241.26,381.506,15.2061,279.066,361.627,77.3564,205.198,435.943,168.137,183.448,462.795,197.465,168.674,488.85,227.882,205.447,502.014,223.572,219.848,475.907,190.796,230.63,449.323,163.772,157.873,595.471,252.284,156.882,516.963,251.041,140.943,551.857,264.448,-32.2351,468.683,153.788,-35.3952,477.054,179.802,8.36626,472.421,181.615,7.08394,466.651,154.272
92.543,196.594,124.056,140.576,159.3,100.973,191.085,313.774,105.227,133.856,251.859,105.336,184.562,215.005,96.918,242.45,287.979,95.9455,240.913,381.447,14.9627,278.674,361.395,77.0307,204.977,435.72,167.928,183.291,462.576,197.304,168.58,488.628,227.764,205.366,501.732,223.455,219.706,475.636,190.637,230.431,449.059,163.582,157.914,595.263,252.269,156.848,516.739,250.963,140.954,551.65,264.411,-32.3163,468.664,153.753,-35.4708,477.035,179.768,8.30217,472.412,181.564,7.00046,466.614,154.238
92.135,196.179,123.128,140.179,158.939,100.049,190.65,313.459,104.719,133.433,251.51,104.611,184.172,214.699,96.1572,242.027,287.708,95.4314,240.563,381.388,14.7306,278.279,361.162,76.716,204.752,435.501,167.726,183.132,462.361,197.15,168.483,488.409,227.651,205.282,501.455,223.343,219.56,475.368,190.484,230.23,448.799,163.399,157.95,595.06,252.255,156.81,516.52,250.887,140.961,551.447,264.376,-32.399,468.645,153.72,-35.5483,477.019,179.736,8.23842,472.409,181.513,6.91557,466.577,154.205
91.726,195.769,122.218,139.784,158.58,99.147,190.214,313.147,104.223,133.01,251.162,103.9,183.783,214.395,95.4157,241.602,287.437,94.9329,240.212,381.329,14.5099,277.883,360.928,76.4124,204.525,435.284,167.531,182.969,462.149,197.001,168.383,488.196,227.542,205.196,501.183,223.236,219.412,475.103,190.338,230.026,448.541,163.224,157.983,594.861,252.243,156.769,516.306,250.813,140.964,551.249,264.342,-32.4832,468.628,153.686,-35.6276,477.003,179.703,8.17499,472.41,181.461,6.82929,466.542,154.174
91.3164,195.361,121.324,139.392,158.222,98.2672,189.776,312.835,103.739,132.587,250.814,103.201,183.393,214.091,94.6935,241.175,287.167,94.4503,239.86,381.268,14.3004,277.486,360.694,76.1199,204.295,435.071,167.344,182.804,461.941,196.858,168.279,487.986,227.437,205.107,500.915,223.135,219.261,474.842,190.198,229.82,448.285,163.057,158.012,594.667,252.23,156.725,516.097,250.742,140.964,551.056,264.309,-32.5688,468.613,153.653,-35.7088,476.99,179.672,8.11183,472.418,181.408,6.74163,466.508,154.144
90.9066,194.957,120.447,139.003,157.865,97.4093,189.338,312.526,103.269,132.164,250.466,102.515,183.004,213.788,93.9909,240.748,286.897,93.9839,239.506,381.208,14.1022,277.087,360.458,75.8386,204.063,434.86,167.164,182.636,461.737,196.72,168.171,487.781,227.337,205.015,500.653,223.039,219.107,474.584,190.064,229.611,448.033,162.897,158.037,594.477,252.219,156.677,515.892,250.674,140.96,550.867,264.278,-32.6558,468.599,153.621,-35.7918,476.978,179.641,8.04888,472.43,181.356,6.65263,466.474,154.115
90.4971,194.556,119.586,138.619,157.509,96.5732,188.9,312.217,102.811,131.742,250.118,101.843,182.617,213.486,93.3077,240.32,286.628,93.5336,239.152,381.147,13.9153,276.687,360.222,75.5683,203.829,434.653,166.992,182.466,461.536,196.589,168.061,487.581,227.241,204.92,500.396,222.949,218.951,474.33,189.937,229.4,447.783,162.745,158.058,594.292,252.209,156.626,515.692,250.609,140.951,550.683,264.248,-32.7443,468.586,153.589,-35.8765,476.967,179.611,7.9861,472.447,181.303,6.56232,466.442,154.088
90.0886,194.158,118.741,138.239,157.155,95.7587,188.463,311.91,102.367,131.321,249.77,101.182,182.231,213.185,92.6442,239.891,286.36,93.0997,238.798,381.085,13.7395,276.286,359.985,75.3092,203.592,434.448,166.828,182.293,461.339,196.464,167.947,487.385,227.15,204.823,500.143,222.864,218.792,474.079,189.816,229.187,447.536,162.601,158.075,594.111,252.2,156.571,515.498,250.546,140.94,550.503,264.22,-32.8341,468.574,153.558,-35.963,476.957,179.581,7.92343,472.468,181.25,6.47071,466.41,154.062
89.6816,193.762,117.91,137.865,156.801,94.9656,188.025,311.603,101.934,130.902,249.422,100.534,181.847,212.884,92,239.463,286.091,92.6821,238.443,381.023,13.5748,275.885,359.747,75.0613,203.354,434.247,166.671,182.117,461.145,196.344,167.831,487.193,227.063,204.723,499.896,222.785,218.631,473.832,189.702,228.973,447.292,162.464,158.088,593.935,252.191,156.513,515.308,250.487,140.924,550.328,264.194,-32.9252,468.564,153.527,-36.0513,476.949,179.552,7.86079,472.494,181.197,6.37783,466.379,154.038
89.2767,193.368,117.093,137.498,156.448,94.1935,187.589,311.298,101.514,130.485,249.072,99.8982,181.467,212.583,91.3752,239.036,285.823,92.2808,238.089,380.96,13.4213,275.485,359.509,74.8244,203.114,434.048,166.522,181.94,460.955,196.231,167.711,487.006,226.981,204.621,499.654,222.711,218.468,473.588,189.594,228.757,447.05,162.335,158.098,593.764,252.184,156.452,515.123,250.43,140.904,550.158,264.168,-33.0177,468.554,153.497,-36.1412,476.942,179.524,7.79813,472.525,181.145,6.28371,466.349,154.015
88.8744,192.976,116.29,137.139,156.096,93.442,187.155,310.993,101.106,130.07,248.722,99.2739,181.09,212.281,90.7693,238.61,285.556,91.8957,237.735,380.896,13.2786,275.085,359.27,74.5987,202.872,433.853,166.38,181.76,460.769,196.123,167.589,486.824,226.904,204.516,499.416,222.643,218.303,473.348,189.492,228.539,446.812,162.214,158.103,593.597,252.178,156.388,514.943,250.376,140.881,549.992,264.145,-33.1114,468.545,153.467,-36.2328,476.936,179.497,7.73536,472.559,181.093,6.18838,466.319,153.993
88.4756,192.584,115.499,136.788,155.744,92.7107,186.722,310.689,100.709,129.658,248.371,98.6608,180.718,211.98,90.1822,238.186,285.289,91.5268,237.383,380.832,13.1468,274.686,359.031,74.384,202.629,433.66,166.246,181.579,460.586,196.022,167.463,486.646,226.831,204.41,499.184,222.58,218.136,473.112,189.397,228.32,446.576,162.1,158.104,593.434,252.173,156.321,514.767,250.324,140.854,549.831,264.123,-33.2065,468.537,153.438,-36.326,476.93,179.47,7.67241,472.597,181.041,6.09186,466.29,153.973
88.0809,192.194,114.72,136.446,155.392,91.999,186.292,310.386,100.324,129.25,248.019,98.0586,180.351,211.678,89.6135,237.765,285.023,91.1737,237.033,380.768,13.0257,274.289,358.792,74.1803,202.385,433.47,166.119,181.396,460.406,195.926,167.336,486.472,226.763,204.301,498.957,222.522,217.967,472.88,189.307,228.1,446.343,161.994,158.101,593.276,252.169,156.25,514.596,250.276,140.823,549.674,264.103,-33.3027,468.53,153.41,-36.4209,476.926,179.444,7.60919,472.638,180.99,5.99418,466.261,153.955
87.6911,191.803,113.952,136.114,155.04,91.3064,185.864,310.083,99.9493,128.846,247.665,97.4669,179.989,211.376,89.0626,237.346,284.758,90.8364,236.685,380.703,12.9151,273.893,358.553,73.9876,202.14,433.283,166,181.211,460.231,195.837,167.205,486.302,226.699,204.189,498.734,222.47,217.796,472.651,189.225,227.878,446.114,161.895,158.094,593.122,252.166,156.176,514.431,250.231,140.788,549.522,264.084,-33.4003,468.524,153.382,-36.5173,476.922,179.418,7.54562,472.682,180.94,5.89536,466.233,153.937
87.3069,191.412,113.195,135.794,154.688,90.6322,185.44,309.78,99.5854,128.447,247.309,96.8853,179.634,211.074,88.5291,236.931,284.493,90.5143,236.34,380.637,12.8147,273.5,358.314,73.8056,201.894,433.1,165.888,181.025,460.058,195.753,167.073,486.137,226.639,204.076,498.517,222.422,217.624,472.426,189.148,227.656,445.887,161.803,158.083,592.972,252.164,156.1,514.269,250.188,140.75,549.374,264.067,-33.499,468.518,153.355,-36.6153,476.919,179.393,7.48159,472.729,180.891,5.79544,466.205,153.922
86.9292,191.02,112.447,135.484,154.336,89.9755,185.019,309.478,99.2316,128.053,246.951,96.3133,179.286,210.771,88.0123,236.52,284.229,90.2072,235.997,380.571,12.7243,273.11,358.077,73.6343,201.648,432.919,165.783,180.838,459.89,195.674,166.938,485.976,226.584,203.961,498.304,222.38,217.451,472.205,189.077,227.434,445.664,161.719,158.068,592.826,252.163,156.02,514.113,250.149,140.707,549.231,264.051,-33.5989,468.513,153.328,-36.7149,476.917,179.369,7.41701,472.779,180.842,5.69445,466.178,153.907
86.5588,190.626,111.707,135.187,153.982,89.3357,184.602,309.175,98.8873,127.665,246.591,95.7507,178.946,210.467,87.5115,236.114,283.966,89.9145,235.658,380.504,12.6436,272.723,357.84,73.4735,201.402,432.741,165.685,180.65,459.725,195.602,166.801,485.819,226.534,203.844,498.096,222.342,217.276,471.988,189.012,227.211,445.444,161.641,158.049,592.685,252.164,155.938,513.961,250.112,140.662,549.091,264.037,-33.6999,468.508,153.302,-36.8159,476.915,179.345,7.35179,472.831,180.795,5.5924,466.15,153.894
86.1965,190.231,110.975,134.904,153.628,88.7117,184.189,308.873,98.5521,127.284,246.228,95.1968,178.614,210.163,87.0261,235.713,283.704,89.6357,235.322,380.437,12.5722,272.34,357.604,73.3229,201.156,432.567,165.593,180.461,459.563,195.535,166.662,485.667,226.488,203.726,497.894,222.309,217.101,471.775,188.953,226.988,445.227,161.57,158.026,592.548,252.166,155.853,513.813,250.078,140.612,548.956,264.025,-33.8021,468.504,153.277,-36.9183,476.914,179.322,7.2858,472.885,180.748,5.48934,466.123,153.883
85.8434,189.833,110.25,134.634,153.272,88.1027,183.781,308.571,98.2255,126.909,245.863,94.6514,178.293,209.858,86.5551,235.319,283.444,89.3702,234.991,380.369,12.5097,271.962,357.371,73.1823,200.91,432.395,165.509,180.272,459.405,195.473,166.522,485.518,226.445,203.605,497.696,222.281,216.925,471.566,188.899,226.766,445.014,161.506,158,592.414,252.169,155.765,513.67,250.047,140.559,548.825,264.015,-33.9053,468.5,153.252,-37.0222,476.913,179.299,7.21894,472.941,180.703,5.38528,466.096,153.873
85.5002,189.431,109.532,134.379,152.914,87.5076,183.379,308.269,97.907,126.543,245.495,94.1139,177.981,209.552,86.0977,234.931,283.185,89.1174,234.665,380.301,12.4557,271.587,357.139,73.0514,200.665,432.227,165.43,180.082,459.25,195.416,166.38,485.374,226.407,203.484,497.502,222.258,216.748,471.361,188.851,226.544,444.804,161.448,157.969,592.285,252.173,155.674,513.531,250.019,140.503,548.698,264.006,-34.0096,468.496,153.228,-37.1275,476.912,179.278,7.1511,472.997,180.659,5.28027,466.069,153.864
85.1679,189.026,108.819,134.14,152.555,86.9253,182.983,307.966,97.5961,126.186,245.124,93.5841,177.68,209.245,85.653,234.55,282.927,88.8764,234.343,380.233,12.4097,271.218,356.909,72.93,200.421,432.061,165.358,179.892,459.099,195.364,166.236,485.233,226.373,203.361,497.314,222.239,216.571,471.16,188.808,226.322,444.598,161.397,157.935,592.159,252.179,155.581,513.397,249.993,140.442,548.576,263.999,-34.115,468.492,153.204,-37.2341,476.912,179.256,7.08215,473.055,180.617,5.17433,466.043,153.857
84.8475,188.617,108.112,133.916,152.195,86.3548,182.593,307.664,97.2922,125.838,244.751,93.0616,177.391,208.939,85.2199,234.177,282.671,88.6466,234.027,380.165,12.3711,270.854,356.682,72.8175,200.178,431.899,165.292,179.703,458.952,195.318,166.092,485.097,226.343,203.236,497.13,222.223,216.394,470.964,188.77,226.101,444.396,161.351,157.897,592.038,252.186,155.485,513.266,249.971,140.379,548.456,263.993,-34.2214,468.489,153.181,-37.3421,476.912,179.235,7.01199,473.113,180.576,5.06749,466.016,153.851
84.5398,188.204,107.409,133.71,151.832,85.7949,182.21,307.362,96.995,125.5,244.375,92.5459,177.114,208.631,84.7976,233.812,282.417,88.427,233.716,380.097,12.3395,270.497,356.458,72.7135,199.937,431.741,165.231,179.514,458.807,195.276,165.946,484.964,226.317,203.111,496.951,222.212,216.217,470.772,188.737,225.882,444.198,161.31,157.855,591.919,252.194,155.388,513.14,249.951,140.312,548.341,263.989,-34.3287,468.486,153.158,-37.4513,476.912,179.215,6.94051,473.172,180.536,4.95978,465.989,153.846
84.2458,187.786,106.711,133.521,151.468,85.2443,181.835,307.06,96.7038,125.174,243.995,92.0368,176.851,208.324,84.385,233.457,282.165,88.2169,233.412,380.029,12.3141,270.145,356.238,72.6178,199.698,431.585,165.176,179.325,458.667,195.238,165.799,484.835,226.294,202.984,496.777,222.205,216.04,470.585,188.709,225.663,444.004,161.275,157.809,591.805,252.204,155.287,513.018,249.933,140.242,548.229,263.987,-34.437,468.482,153.136,-37.5617,476.912,179.196,6.86757,473.231,180.498,4.85124,465.962,153.842
83.9662,187.364,106.016,133.349,151.102,84.702,181.468,306.759,96.4182,124.858,243.613,91.5339,176.601,208.016,83.9809,233.112,281.915,88.0152,233.113,379.961,12.2943,269.801,356.022,72.5296,199.461,431.434,165.126,179.137,458.53,195.205,165.652,484.71,226.274,202.857,496.608,222.201,215.864,470.402,188.685,225.447,443.815,161.245,157.76,591.694,252.215,155.185,512.899,249.918,140.169,548.121,263.987,-34.5462,468.479,153.115,-37.6733,476.911,179.176,6.79309,473.289,180.462,4.74191,465.934,153.84
83.7021,186.937,105.325,133.196,150.734,84.1669,181.11,306.458,96.1377,124.555,243.229,91.037,176.365,207.709,83.5845,232.777,281.669,87.8212,232.822,379.894,12.2796,269.463,355.811,72.4487,199.226,431.285,165.081,178.95,458.396,195.175,165.504,484.588,226.258,202.729,496.443,222.201,215.689,470.224,188.665,225.232,443.63,161.22,157.707,591.586,252.227,155.081,512.784,249.906,140.093,548.016,263.988,-34.6563,468.475,153.094,-37.7861,476.911,179.158,6.71694,473.346,180.428,4.6318,465.907,153.839
83.4541,186.505,104.638,133.062,150.365,83.6376,180.761,306.158,95.862,124.264,242.843,90.5458,176.145,207.403,83.1946,232.453,281.425,87.6337,232.537,379.827,12.2692,269.134,355.604,72.3744,198.995,431.141,165.041,178.765,458.266,195.15,165.356,484.47,226.245,202.6,496.282,222.204,215.514,470.05,188.649,225.02,443.449,161.198,157.651,591.481,252.241,154.975,512.673,249.896,140.013,547.914,263.99,-34.7673,468.472,153.073,-37.9,476.911,179.139,6.63905,473.402,180.395,4.52096,465.879,153.84
83.2231,186.069,103.953,132.947,149.995,83.1132,180.422,305.859,95.5905,123.988,242.455,90.0601,175.94,207.097,82.8103,232.141,281.184,87.4519,232.26,379.761,12.2625,268.812,355.403,72.3061,198.766,431,165.005,178.581,458.139,195.128,165.207,484.356,226.235,202.471,496.127,222.209,215.341,469.881,188.637,224.81,443.273,161.181,157.591,591.38,252.256,154.866,512.566,249.888,139.931,547.816,263.995,-34.8791,468.468,153.053,-38.0149,476.91,179.121,6.5593,473.457,180.364,4.40943,465.851,153.841
83.0097,185.628,103.271,132.852,149.625,82.5925,180.094,305.562,95.3229,123.725,242.065,89.5795,175.751,206.793,82.4305,231.841,280.948,87.2749,231.991,379.697,12.2588,268.499,355.208,72.2434,198.541,430.863,164.973,178.399,458.016,195.11,165.059,484.245,226.227,202.341,495.976,222.218,215.169,469.718,188.629,224.603,443.103,161.167,157.528,591.282,252.272,154.756,512.462,249.883,139.846,547.721,264.001,-34.9916,468.464,153.034,-38.1308,476.91,179.104,6.47764,473.511,180.335,4.29723,465.823,153.843
82.8146,185.184,102.592,132.776,149.254,82.0744,179.777,305.266,95.0588,123.477,241.675,89.1039,175.579,206.49,82.0543,231.554,280.715,87.1018,231.729,379.634,12.2574,268.194,355.019,72.1856,198.32,430.73,164.944,178.218,457.897,195.095,164.91,484.137,226.223,202.211,495.829,222.229,214.998,469.559,188.623,224.399,442.937,161.157,157.462,591.186,252.29,154.645,512.361,249.88,139.758,547.629,264.008,-35.1049,468.459,153.014,-38.2477,476.908,179.087,6.39399,473.562,180.308,4.18441,465.795,153.847
82.6383,184.737,101.916,132.72,148.884,81.5581,179.471,304.973,94.7978,123.244,241.285,88.633,175.423,206.19,81.6807,231.28,280.487,86.9316,231.476,379.573,12.2577,267.898,354.837,72.1323,198.103,430.601,164.919,178.04,457.781,195.082,164.762,484.033,226.22,202.081,495.687,222.242,214.829,469.406,188.621,224.198,442.777,161.15,157.392,591.094,252.309,154.532,512.264,249.879,139.667,547.539,264.017,-35.2189,468.455,152.996,-38.3655,476.907,179.07,6.30829,473.612,180.283,4.071,465.766,153.852
82.4813,184.287,101.243,132.684,148.516,81.0426,179.178,304.682,94.5397,123.027,240.895,88.1667,175.285,205.893,81.3089,231.02,280.264,86.7635,231.231,379.515,12.2591,267.612,354.663,72.0828,197.89,430.477,164.897,177.864,457.668,195.072,164.615,483.932,226.22,201.951,495.55,222.257,214.662,469.257,188.621,224.001,442.623,161.145,157.319,591.004,252.33,154.417,512.17,249.88,139.574,547.452,264.027,-35.3336,468.449,152.977,-38.4841,476.905,179.053,6.22051,473.659,180.259,3.95704,465.737,153.857
82.3439,183.836,100.573,132.669,148.149,80.5271,178.898,304.395,94.2841,122.826,240.507,87.7046,175.163,205.599,80.9382,230.774,280.047,86.5967,230.995,379.458,12.2609,267.336,354.496,72.0365,197.682,430.356,164.878,177.691,457.559,195.065,164.467,483.835,226.222,201.82,495.417,222.274,214.497,469.114,188.623,223.807,442.474,161.142,157.243,590.917,252.352,154.301,512.078,249.882,139.478,547.368,264.039,-35.4489,468.444,152.959,-38.6036,476.903,179.037,6.1306,473.703,180.237,3.84257,465.707,153.863
82.2266,183.383,99.9055,132.673,147.785,80.0108,178.631,304.111,94.0307,122.641,240.12,87.2465,175.06,205.31,80.5676,230.542,279.836,86.4304,230.768,379.405,12.2627,267.07,354.338,71.993,197.478,430.24,164.861,177.52,457.454,195.06,164.321,483.74,226.226,201.69,495.289,222.293,214.335,468.977,188.628,223.618,442.332,161.141,157.163,590.832,252.375,154.184,511.99,249.887,139.38,547.287,264.052,-35.5649,468.438,152.941,-38.7238,476.9,179.021,6.03856,473.745,180.217,3.72762,465.677,153.87
82.1293,182.931,99.2409,132.696,147.424,79.493,178.378,303.831,93.7793,122.473,239.736,86.7922,174.974,205.025,80.1966,230.326,279.632,86.264,230.55,379.356,12.2638,266.815,354.188,71.9518,197.28,430.129,164.846,177.352,457.353,195.057,164.175,483.648,226.231,201.56,495.165,222.313,214.174,468.845,188.634,223.432,442.195,161.142,157.081,590.75,252.399,154.066,511.904,249.893,139.279,547.208,264.066,-35.6814,468.432,152.924,-38.8447,476.897,179.005,5.94438,473.784,180.199,3.61224,465.647,153.878
82.0523,182.48,98.5792,132.74,147.068,78.9732,178.139,303.557,93.5295,122.322,239.356,86.3414,174.906,204.745,79.8245,230.124,279.434,86.0967,230.342,379.31,12.2638,266.569,354.048,71.9122,197.087,430.022,164.833,177.187,457.255,195.055,164.031,483.56,226.238,201.431,495.046,222.334,214.017,468.719,188.642,223.251,442.065,161.145,156.996,590.671,252.424,153.947,511.822,249.9,139.177,547.131,264.082,-35.7984,468.425,152.906,-38.9662,476.893,178.989,5.84807,473.82,180.182,3.49646,465.616,153.887
81.9954,182.03,97.9206,132.802,146.717,78.4507,177.914,303.287,93.2813,122.189,238.98,85.8937,174.855,204.472,79.4508,229.938,279.244,85.928,230.143,379.269,12.2622,266.335,353.917,71.874,196.899,429.92,164.822,177.025,457.161,195.055,163.887,483.475,226.246,201.302,494.931,222.356,213.862,468.598,188.652,223.075,441.941,161.148,156.908,590.593,252.451,153.827,511.741,249.909,139.072,547.056,264.098,-35.9158,468.417,152.889,-39.0883,476.889,178.973,5.74965,473.853,180.167,3.38034,465.586,153.896
81.9585,181.584,97.2649,132.883,146.372,77.9252,177.705,303.023,93.0343,122.072,238.609,85.4488,174.822,204.205,79.0749,229.767,279.063,85.7573,229.954,379.233,12.2587,266.112,353.796,71.8366,196.717,429.823,164.812,176.867,457.071,195.056,163.745,483.392,226.255,201.173,494.82,222.378,213.709,468.483,188.662,222.903,441.824,161.152,156.817,590.518,252.479,153.706,511.664,249.92,138.965,546.983,264.116,-36.0338,468.409,152.872,-39.2109,476.884,178.958,5.64916,473.883,180.153,3.2639,465.554,153.906
81.9414,181.142,96.6123,132.983,146.034,77.3962,177.51,302.766,92.7883,121.973,238.245,85.0063,174.805,203.946,78.6964,229.612,278.89,85.5843,229.775,379.201,12.2529,265.9,353.684,71.7995,196.541,429.73,164.803,176.711,456.984,195.057,163.604,483.312,226.265,201.045,494.714,222.401,213.56,468.373,188.674,222.737,441.713,161.156,156.724,590.445,252.508,153.584,511.588,249.931,138.857,546.913,264.135,-36.1521,468.401,152.855,-39.334,476.879,178.942,5.54664,473.91,180.141,3.14719,465.522,153.916
81.9437,180.706,95.9625,133.1,145.704,76.8634,177.33,302.515,92.5432,121.89,237.887,84.5657,174.806,203.694,78.3149,229.472,278.725,85.4085,229.607,379.176,12.2445,265.698,353.584,71.7626,196.371,429.643,164.794,176.559,456.901,195.06,163.464,483.235,226.276,200.917,494.613,222.424,213.414,468.27,188.686,222.575,441.609,161.161,156.628,590.374,252.538,153.462,511.515,249.944,138.746,546.844,264.155,-36.2707,468.391,152.839,-39.4575,476.872,178.927,5.44214,473.933,180.13,3.03025,465.49,153.926
81.9649,180.275,95.3157,133.234,145.382,76.3265,177.166,302.272,92.2987,121.824,237.537,84.1266,174.823,203.451,77.9301,229.347,278.57,85.2295,229.448,379.157,12.2333,265.508,353.493,71.7253,196.206,429.561,164.786,176.411,456.821,195.063,163.326,483.161,226.287,200.791,494.515,222.448,213.27,468.172,188.698,222.418,441.511,161.165,156.53,590.305,252.569,153.339,511.444,249.957,138.634,546.777,264.176,-36.3897,468.382,152.822,-39.5814,476.866,178.911,5.33575,473.953,180.12,2.91313,465.458,153.937
82.0044,179.852,94.6716,133.385,145.07,75.7852,177.016,302.037,92.0547,121.775,237.195,83.6886,174.856,203.217,77.5417,229.237,278.425,85.0471,229.3,379.145,12.219,265.329,353.413,71.6875,196.048,429.483,164.778,176.266,456.746,195.066,163.19,483.089,226.299,200.665,494.422,222.471,213.13,468.08,188.71,222.266,441.42,161.17,156.43,590.237,252.6,153.216,511.375,249.971,138.521,546.711,264.198,-36.5089,468.371,152.805,-39.7055,476.858,178.896,5.22754,473.97,180.111,2.79587,465.425,153.948
82.0616,179.437,94.0301,133.551,144.767,75.2394,176.881,301.809,91.8111,121.742,236.862,83.2511,174.904,202.992,77.1494,229.142,278.29,84.861,229.161,379.139,12.2014,265.161,353.344,71.6487,195.895,429.411,164.77,176.125,456.673,195.069,163.055,483.02,226.31,200.539,494.333,222.493,212.993,467.993,188.723,222.119,441.336,161.174,156.327,590.172,252.633,153.092,511.308,249.986,138.406,546.647,264.221,-36.6283,468.36,152.789,-39.8298,476.85,178.88,5.11759,473.984,180.103,2.67851,465.392,153.96
82.1357,179.031,93.391,133.732,144.475,74.6888,176.761,301.59,91.5676,121.724,236.539,82.8135,174.968,202.777,76.753,229.061,278.164,84.6712,229.033,379.141,12.1805,265.004,353.286,71.6088,195.748,429.343,164.761,175.987,456.605,195.072,162.921,482.953,226.322,200.415,494.249,222.516,212.859,467.912,188.735,221.978,441.259,161.177,156.222,590.107,252.667,152.968,511.243,250.001,138.29,546.584,264.244,-36.7479,468.348,152.772,-39.9543,476.841,178.864,5.00601,473.994,180.096,2.56109,465.359,153.971
82.2258,178.635,92.7539,133.927,144.194,74.1334,176.656,301.38,91.3241,121.722,236.226,82.3755,175.045,202.573,76.3523,228.994,278.049,84.4774,228.915,379.15,12.1561,264.857,353.238,71.5676,195.607,429.281,164.752,175.852,456.54,195.074,162.79,482.889,226.334,200.292,494.168,222.537,212.728,467.837,188.747,221.841,441.188,161.18,156.115,590.045,252.701,152.844,511.18,250.017,138.172,546.523,264.268,-36.8676,468.336,152.755,-40.0789,476.832,178.848,4.8929,474.002,180.09,2.44367,465.325,153.982
82.331,178.25,92.1186,134.135,143.925,73.5729,176.564,301.178,91.0805,121.734,235.923,81.9363,175.135,202.379,75.9472,228.94,277.945,84.2795,228.807,379.167,12.1282,264.721,353.201,71.5248,195.471,429.223,164.743,175.721,456.478,195.076,162.66,482.827,226.345,200.169,494.091,222.558,212.6,467.767,188.758,221.709,441.124,161.181,156.006,589.984,252.736,152.72,511.118,250.034,138.054,546.463,264.292,-36.9874,468.323,152.738,-40.2035,476.821,178.832,4.77837,474.006,180.084,2.32627,465.291,153.993
82.4504,177.875,91.4846,134.355,143.667,73.0072,176.485,300.986,90.8365,121.76,235.632,81.4955,175.238,202.195,75.5375,228.899,277.85,84.0775,228.708,379.193,12.0966,264.594,353.174,71.4803,195.341,429.171,164.732,175.594,456.42,195.078,162.532,482.767,226.356,200.047,494.018,222.578,212.475,467.702,188.769,221.582,441.066,161.182,155.896,589.924,252.772,152.596,511.058,250.05,137.934,546.403,264.317,-37.1073,468.309,152.722,-40.3281,476.81,178.815,4.66253,474.007,180.079,2.20895,465.257,154.004
82.5827,177.513,90.8516,134.586,143.422,72.4362,176.419,300.802,90.5922,121.798,235.351,81.0526,175.353,202.023,75.1231,228.869,277.766,83.8713,228.619,379.226,12.0614,264.476,353.158,71.4339,195.216,429.123,164.72,175.469,456.365,195.078,162.405,482.71,226.366,199.927,493.948,222.596,212.353,467.643,188.779,221.46,441.014,161.181,155.783,589.865,252.808,152.472,510.999,250.066,137.814,546.345,264.342,-37.2271,468.295,152.704,-40.4526,476.799,178.798,4.54552,474.005,180.074,2.09174,465.223,154.015
82.727,177.162,90.2191,134.826,143.189,71.8597,176.365,300.628,90.3472,121.849,235.082,80.6069,175.478,201.861,74.7038,228.851,277.691,83.661,228.538,379.268,12.0226,264.368,353.152,71.3855,195.096,429.08,164.707,175.348,456.313,195.077,162.281,482.654,226.375,199.807,493.882,222.613,212.234,467.588,188.787,221.342,440.969,161.179,155.67,589.808,252.845,152.348,510.942,250.083,137.692,546.288,264.368,-37.3468,468.279,152.687,-40.5769,476.786,178.781,4.42745,474,180.07,1.9747,465.188,154.026
82.882,176.823,89.5864,135.076,142.969,71.2777,176.322,300.463,90.1014,121.911,234.824,80.158,175.613,201.71,74.2795,228.843,277.627,83.4464,228.467,379.319,11.9801,264.268,353.155,71.335,194.981,429.041,164.693,175.23,456.265,195.075,162.158,482.6,226.384,199.689,493.819,222.629,212.117,467.539,188.795,221.228,440.929,161.176,155.555,589.752,252.882,152.225,510.885,250.099,137.571,546.231,264.394,-37.4664,468.264,152.67,-40.701,476.773,178.764,4.30845,473.993,180.065,1.85786,465.153,154.036
83.0464,176.497,88.953,135.334,142.76,70.6898,176.29,300.307,89.8548,121.983,234.577,79.7052,175.756,201.57,73.8502,228.844,277.571,83.2276,228.403,379.377,11.934,264.176,353.167,71.2823,194.87,429.007,164.676,175.115,456.219,195.072,162.036,482.549,226.391,199.571,493.76,222.644,212.004,467.494,188.801,221.118,440.894,161.171,155.438,589.696,252.92,152.102,510.83,250.115,137.448,546.176,264.42,-37.5859,468.247,152.652,-40.8249,476.759,178.746,4.18866,473.983,180.061,1.74126,465.119,154.045
83.2192,176.183,88.3183,135.598,142.564,70.096,176.267,300.16,89.6071,122.064,234.343,79.2482,175.907,201.441,73.4156,228.854,277.525,83.0046,228.347,379.444,11.8843,264.091,353.189,71.2272,194.764,428.977,164.658,175.002,456.177,195.066,161.917,482.498,226.398,199.454,493.703,222.657,211.892,467.453,188.806,221.012,440.865,161.164,155.321,589.642,252.958,151.979,510.776,250.131,137.326,546.12,264.446,-37.7052,468.23,152.634,-40.9484,476.745,178.728,4.06819,473.97,180.057,1.62494,465.083,154.055
83.399,175.882,87.6817,135.868,142.381,69.4962,176.252,300.021,89.3581,122.153,234.119,78.7864,176.065,201.322,72.9757,228.871,277.488,82.7774,228.299,379.519,11.831,264.013,353.218,71.1696,194.661,428.951,164.638,174.893,456.137,195.06,161.799,482.45,226.403,199.339,493.649,222.668,211.783,467.416,188.809,220.91,440.841,161.155,155.202,589.588,252.996,151.856,510.722,250.146,137.203,546.065,264.472,-37.8242,468.212,152.616,-41.0715,476.73,178.71,3.94719,473.955,180.052,1.50895,465.048,154.063
83.5846,175.593,87.0423,136.142,142.209,68.8901,176.245,299.891,89.1076,122.249,233.906,78.3193,176.228,201.213,72.5303,228.894,277.459,82.546,228.256,379.602,11.7742,263.941,353.256,71.1095,194.562,428.929,164.616,174.785,456.099,195.051,161.682,482.402,226.407,199.224,493.598,222.677,211.677,467.383,188.81,220.811,440.821,161.145,155.083,589.535,253.035,151.734,510.669,250.161,137.079,546.011,264.498,-37.943,468.194,152.597,-41.1941,476.714,178.691,3.82579,473.938,180.047,1.39332,465.013,154.071
83.7747,175.316,86.3995,136.42,142.048,68.2775,176.244,299.769,88.8555,122.351,233.704,77.8464,176.396,201.114,72.0794,228.923,277.437,82.3103,228.22,379.692,11.7138,263.874,353.301,71.0468,194.466,428.911,164.592,174.68,456.064,195.041,161.567,482.356,226.409,199.11,493.55,222.685,211.572,467.354,188.81,220.714,440.806,161.132,154.963,589.482,253.073,151.613,510.617,250.175,136.956,545.957,264.523,-38.0614,468.175,152.578,-41.3163,476.697,178.671,3.7041,473.918,180.042,1.2781,464.977,154.079
83.968,175.051,85.7526,136.699,141.898,67.6584,176.249,299.655,88.6015,122.459,233.512,77.3674,176.567,201.025,71.6229,228.956,277.423,82.0704,228.19,379.79,11.65,263.811,353.353,70.9813,194.373,428.896,164.565,174.577,456.031,195.028,161.454,482.311,226.41,198.997,493.503,222.691,211.469,467.328,188.808,220.621,440.795,161.118,154.842,589.43,253.112,151.492,510.566,250.188,136.833,545.903,264.549,-38.1794,468.155,152.559,-41.4378,476.68,178.652,3.58226,473.897,180.037,1.16331,464.942,154.085
84.1633,174.798,85.1008,136.98,141.759,67.0326,176.257,299.548,88.3454,122.569,233.33,76.8817,176.74,200.944,71.1605,228.992,277.415,81.8262,228.163,379.895,11.5826,263.752,353.411,70.913,194.282,428.884,164.536,174.476,456.001,195.014,161.342,482.268,226.409,198.886,493.458,222.694,211.368,467.305,188.804,220.529,440.787,161.101,154.721,589.378,253.15,151.372,510.514,250.2,136.71,545.849,264.574,-38.297,468.135,152.54,-41.5588,476.662,178.632,3.46038,473.873,180.031,1.04901,464.906,154.091
84.3594,174.555,84.4434,137.26,141.63,66.4,176.269,299.448,88.087,122.683,233.158,76.3891,176.915,200.872,70.6923,229.031,277.413,81.5777,228.141,380.006,11.5118,263.696,353.475,70.8418,194.194,428.875,164.504,174.377,455.972,194.997,161.231,482.225,226.407,198.775,493.415,222.696,211.269,467.285,188.798,220.44,440.783,161.082,154.6,589.327,253.188,151.253,510.463,250.212,136.587,545.795,264.599,-38.4141,468.114,152.52,-41.6791,476.644,178.611,3.33859,473.848,180.024,0.935213,464.871,154.096
84.5551,174.323,83.7796,137.54,141.511,65.7605,176.283,299.355,87.8259,122.798,232.995,75.889,177.09,200.807,70.2181,229.071,277.416,81.3249,228.123,380.123,11.4375,263.643,353.543,70.7674,194.107,428.868,164.469,174.279,455.944,194.978,161.121,482.182,226.403,198.664,493.374,222.696,211.17,467.266,188.79,220.352,440.781,161.061,154.478,589.276,253.226,151.134,510.413,250.222,136.465,545.741,264.623,-38.5307,468.093,152.5,-41.7987,476.625,178.59,3.217,473.822,180.017,0.821967,464.835,154.1
84.7493,174.101,83.109,137.817,141.4,65.1139,176.297,299.268,87.5619,122.914,232.84,75.3813,177.263,200.75,69.738,229.11,277.424,81.0678,228.107,380.246,11.3597,263.591,353.616,70.6899,194.021,428.864,164.431,174.182,455.918,194.956,161.013,482.141,226.397,198.555,493.334,222.694,211.073,467.25,188.78,220.265,440.782,161.037,154.357,589.225,253.264,151.017,510.362,250.232,136.343,545.687,264.646,-38.6468,468.071,152.479,-41.9175,476.605,178.568,3.09572,473.793,180.009,0.709302,464.8,154.104
84.9408,173.889,82.4307,138.092,141.298,64.4604,176.311,299.187,87.2947,123.029,232.694,74.8657,177.435,200.7,69.2518,229.149,277.436,80.8063,228.092,380.375,11.2785,263.54,353.693,70.6091,193.937,428.862,164.391,174.087,455.894,194.932,160.906,482.1,226.389,198.447,493.295,222.689,210.977,467.236,188.767,220.18,440.785,161.011,154.236,589.173,253.302,150.9,510.311,250.24,136.222,545.633,264.67,-38.7623,468.049,152.458,-42.0355,476.585,178.546,2.97485,473.764,180.001,0.597251,464.764,154.106
85.1286,173.686,81.7442,138.362,141.204,63.7998,176.324,299.111,87.024,123.142,232.554,74.3418,177.604,200.656,68.7595,229.186,277.452,80.5403,228.079,380.508,11.1937,263.488,353.772,70.5248,193.853,428.861,164.348,173.992,455.87,194.906,160.8,482.059,226.379,198.339,493.256,222.683,210.882,467.222,188.753,220.095,440.789,160.982,154.115,589.122,253.339,150.784,510.26,250.247,136.101,545.578,264.692,-38.8772,468.026,152.437,-42.1527,476.564,178.524,2.8545,473.733,179.991,0.485847,464.729,154.108
85.3118,173.491,81.0491,138.627,141.116,63.1323,176.334,299.04,86.7494,123.253,232.422,73.8096,177.769,200.618,68.2612,229.221,277.47,80.2699,228.067,380.645,11.1054,263.437,353.854,70.4369,193.77,428.862,164.301,173.898,455.847,194.877,160.695,482.018,226.367,198.232,493.218,222.674,210.788,467.21,188.735,220.011,440.795,160.951,153.995,589.07,253.376,150.669,510.209,250.253,135.981,545.523,264.714,-38.9914,468.002,152.415,-42.269,476.543,178.501,2.73475,473.701,179.981,0.37512,464.693,154.108
85.4893,173.305,80.3448,138.886,141.035,62.4579,176.342,298.974,86.4705,123.361,232.296,73.2689,177.93,200.585,67.7569,229.251,277.491,79.9951,228.054,380.785,11.0135,263.384,353.938,70.3453,193.686,428.864,164.251,173.805,455.824,194.845,160.59,481.977,226.354,198.126,493.18,222.663,210.693,467.198,188.716,219.927,440.801,160.917,153.875,589.019,253.412,150.555,510.157,250.258,135.863,545.467,264.734,-39.1049,467.979,152.393,-42.3843,476.521,178.478,2.6157,473.668,179.97,0.265099,464.658,154.108
85.6605,173.126,79.6312,139.139,140.959,61.7768,176.345,298.912,86.1872,123.465,232.176,72.7195,178.084,200.556,67.2467,229.278,277.513,79.7158,228.04,380.929,10.918,263.329,354.023,70.2499,193.602,428.866,164.198,173.712,455.802,194.811,160.487,481.936,226.338,198.021,493.143,222.65,210.6,467.186,188.694,219.842,440.808,160.88,153.756,588.966,253.448,150.442,510.105,250.261,135.745,545.41,264.754,-39.2177,467.954,152.371,-42.4987,476.499,178.454,2.49743,473.634,179.958,0.155813,464.623,154.106
85.8244,172.955,78.9079,139.384,140.889,61.0893,176.342,298.854,85.8989,123.563,232.061,72.1616,178.233,200.531,66.7307,229.299,277.536,79.4321,228.025,381.075,10.819,263.271,354.108,70.1505,193.518,428.869,164.142,173.619,455.78,194.774,160.384,481.895,226.32,197.916,493.105,222.635,210.506,467.174,188.67,219.757,440.815,160.84,153.638,588.914,253.482,150.33,510.052,250.263,135.628,545.353,264.773,-39.3297,467.93,152.348,-42.6121,476.476,178.43,2.38001,473.6,179.945,0.0472903,464.587,154.104
85.9803,172.79,78.1748,139.621,140.823,60.3955,176.335,298.799,85.6054,123.656,231.951,71.5951,178.374,200.51,66.209,229.314,277.56,79.1439,228.008,381.223,10.7162,263.21,354.194,70.0471,193.432,428.872,164.083,173.526,455.758,194.735,160.282,481.853,226.3,197.812,493.066,222.617,210.412,467.162,188.643,219.672,440.822,160.798,153.521,588.86,253.517,150.22,509.998,250.263,135.513,545.296,264.792,-39.4409,467.905,152.325,-42.7244,476.453,178.405,2.26352,473.564,179.932,-0.0604421,464.552,154.1
86.1278,172.631,77.4318,139.849,140.762,59.6958,176.321,298.747,85.3063,123.742,231.845,71.0203,178.508,200.491,65.6819,229.322,277.584,78.8514,227.988,381.372,10.6097,263.146,354.279,69.9394,193.345,428.875,164.02,173.433,455.736,194.693,160.181,481.811,226.279,197.708,493.027,222.598,210.318,467.149,188.613,219.585,440.828,160.752,153.405,588.806,253.55,150.11,509.944,250.262,135.398,545.237,264.809,-39.5512,467.879,152.302,-42.8357,476.43,178.38,2.14803,473.529,179.917,-0.167358,464.518,154.096
86.2661,172.479,76.6793,140.067,140.704,58.9905,176.299,298.697,85.0015,123.822,231.743,70.4371,178.634,200.475,65.1497,229.323,277.607,78.5546,227.965,381.522,10.4996,263.078,354.363,69.8275,193.257,428.878,163.954,173.34,455.713,194.649,160.08,481.768,226.255,197.605,492.987,222.577,210.224,467.135,188.581,219.498,440.833,160.704,153.291,588.751,253.583,150.002,509.889,250.259,135.286,545.177,264.825,-39.6607,467.854,152.278,-42.9459,476.406,178.355,2.03359,473.493,179.902,-0.273433,464.483,154.09
86.395,172.331,75.9172,140.276,140.648,58.2802,176.271,298.65,84.6905,123.894,231.644,69.8461,178.75,200.461,64.6125,229.316,277.629,78.2537,227.937,381.673,10.3856,263.005,354.445,69.7113,193.168,428.879,163.885,173.246,455.689,194.602,159.98,481.724,226.229,197.503,492.946,222.553,210.13,467.119,188.547,219.409,440.836,160.653,153.178,588.696,253.614,149.895,509.833,250.255,135.174,545.117,264.84,-39.7692,467.828,152.254,-43.055,476.382,178.329,1.92026,473.456,179.886,-0.37864,464.448,154.084
86.514,172.189,75.1461,140.474,140.596,57.5653,176.234,298.604,84.3732,123.958,231.549,69.2474,178.858,200.448,64.0707,229.301,277.651,77.9487,227.906,381.822,10.268,262.927,354.525,69.5908,193.076,428.88,163.812,173.151,455.664,194.553,159.88,481.679,226.202,197.402,492.904,222.528,210.035,467.102,188.51,219.319,440.838,160.599,153.067,588.639,253.645,149.789,509.776,250.25,135.065,545.056,264.854,-39.8769,467.801,152.23,-43.163,476.357,178.303,1.80809,473.42,179.869,-0.482957,464.414,154.076
86.6227,172.051,74.3664,140.662,140.545,56.8463,176.19,298.56,84.0495,124.014,231.456,68.6416,178.956,200.436,63.5248,229.278,277.67,77.6398,227.87,381.971,10.1466,262.844,354.602,69.4658,192.982,428.879,163.736,173.056,455.638,194.501,159.781,481.633,226.172,197.301,492.86,222.5,209.94,467.083,188.471,219.227,440.838,160.542,152.957,588.582,253.675,149.685,509.717,250.243,134.957,544.993,264.866,-39.9835,467.775,152.205,-43.2697,476.333,178.277,1.69713,473.383,179.852,-0.586359,464.38,154.068
86.7211,171.918,73.5788,140.838,140.496,56.1239,176.137,298.517,83.7191,124.061,231.365,68.0292,179.044,200.425,62.9752,229.246,277.687,77.3273,227.829,382.118,10.0216,262.756,354.677,69.3364,192.887,428.877,163.657,172.961,455.611,194.447,159.682,481.586,226.141,197.2,492.815,222.471,209.843,467.062,188.429,219.133,440.835,160.482,152.849,588.523,253.704,149.582,509.658,250.234,134.85,544.93,264.878,-40.0891,467.748,152.18,-43.3753,476.308,178.251,1.58743,473.346,179.834,-0.688823,464.346,154.059
86.8091,171.788,72.784,141.003,140.448,55.3987,176.075,298.475,83.3821,124.1,231.275,67.4108,179.122,200.413,62.4224,229.204,277.702,77.0113,227.782,382.264,9.89292,262.662,354.748,69.2027,192.789,428.873,163.575,172.864,455.583,194.39,159.583,481.537,226.107,197.1,492.768,222.44,209.747,467.038,188.385,219.038,440.83,160.419,152.744,588.464,253.731,149.48,509.597,250.224,134.746,544.865,264.888,-40.1938,467.721,152.155,-43.4796,476.282,178.224,1.47902,473.309,179.815,-0.790327,464.312,154.048
86.8864,171.662,71.9828,141.157,140.401,54.6715,176.006,298.434,83.0386,124.129,231.188,66.787,179.189,200.401,61.8668,229.154,277.714,76.6922,227.729,382.406,9.7607,262.562,354.816,69.0647,192.689,428.867,163.49,172.767,455.552,194.331,159.485,481.487,226.072,197.001,492.718,222.407,209.649,467.012,188.338,218.94,440.821,160.354,152.64,588.403,253.758,149.38,509.535,250.213,134.643,544.8,264.897,-40.2973,467.694,152.13,-43.5827,476.257,178.197,1.37194,473.272,179.795,-0.890846,464.278,154.037
86.9533,171.54,71.1764,141.299,140.354,53.9431,175.928,298.392,82.6886,124.15,231.101,66.1587,179.247,200.389,61.3092,229.094,277.724,76.3703,227.671,382.546,9.62503,262.456,354.879,68.9225,192.586,428.859,163.402,172.669,455.52,194.27,159.387,481.436,226.036,196.902,492.667,222.372,209.551,466.983,188.29,218.841,440.81,160.286,152.538,588.341,253.784,149.281,509.472,250.2,134.542,544.733,264.906,-40.3998,467.667,152.105,-43.6845,476.231,178.17,1.26623,473.235,179.775,-0.99036,464.244,154.025
87.0099,171.419,70.3658,141.43,140.308,53.2142,175.841,298.35,82.3324,124.162,231.015,65.5266,179.294,200.375,60.7501,229.025,277.73,76.0458,227.606,382.682,9.48604,262.345,354.938,68.7762,192.481,428.848,163.311,172.57,455.486,194.207,159.29,481.383,225.997,196.804,492.613,222.336,209.452,466.95,188.239,218.74,440.795,160.216,152.439,588.278,253.808,149.184,509.407,250.186,134.443,544.665,264.912,-40.5011,467.639,152.079,-43.785,476.206,178.143,1.1619,473.199,179.754,-1.08885,464.211,154.012
87.0562,171.302,69.5523,141.549,140.26,52.4858,175.747,298.308,81.9703,124.165,230.93,64.8917,179.331,200.36,60.1902,228.947,277.732,75.7193,227.534,382.815,9.3439,262.227,354.993,68.6261,192.373,428.835,163.218,172.469,455.45,194.143,159.193,481.329,225.957,196.706,492.558,222.298,209.352,466.915,188.186,218.636,440.777,160.143,152.342,588.214,253.831,149.088,509.341,250.17,134.347,544.596,264.918,-40.6013,467.612,152.053,-43.8843,476.18,178.116,1.059,473.163,179.732,-1.18628,464.178,153.998
87.0926,171.186,68.7372,141.657,140.213,51.7587,175.645,298.264,81.6027,124.16,230.844,64.255,179.358,200.343,59.6302,228.86,277.731,75.391,227.456,382.943,9.19878,262.103,355.042,68.4722,192.263,428.818,163.122,172.368,455.412,194.076,159.096,481.273,225.916,196.609,492.499,222.259,209.251,466.876,188.131,218.531,440.755,160.068,152.248,588.148,253.853,148.994,509.273,250.153,134.252,544.525,264.923,-40.7003,467.584,152.027,-43.9821,476.154,178.088,0.957543,473.127,179.711,-1.28264,464.145,153.983
87.1195,171.072,67.9219,141.754,140.164,51.0339,175.536,298.22,81.2301,124.145,230.758,63.6175,179.375,200.324,59.0709,228.764,277.726,75.0616,227.372,383.066,9.05089,261.974,355.086,68.3149,192.15,428.799,163.024,172.266,455.372,194.008,158.999,481.215,225.874,196.512,492.438,222.219,209.15,466.834,188.074,218.423,440.729,159.99,152.156,588.081,253.874,148.901,509.204,250.135,134.16,544.454,264.926,-40.7981,467.557,152.001,-44.0787,476.128,178.061,0.857557,473.091,179.688,-1.37791,464.112,153.968
87.1371,170.959,67.1079,141.84,140.113,50.3123,175.419,298.173,80.8532,124.123,230.672,62.9804,179.382,200.303,58.513,228.659,277.717,74.7314,227.28,383.183,8.90049,261.838,355.125,68.1543,192.036,428.777,162.924,172.163,455.329,193.938,158.903,481.155,225.83,196.416,492.375,222.177,209.047,466.788,188.016,218.313,440.7,159.911,152.067,588.013,253.894,148.81,509.133,250.116,134.069,544.381,264.928,-40.8946,467.529,151.975,-44.1739,476.101,178.033,0.759064,473.056,179.666,-1.47205,464.079,153.951
87.146,170.846,66.2969,141.916,140.061,49.595,175.296,298.125,80.4725,124.093,230.584,62.3448,179.381,200.279,57.9574,228.547,277.704,74.401,227.183,383.295,8.74783,261.697,355.158,67.9909,191.918,428.752,162.822,172.06,455.284,193.867,158.807,481.093,225.785,196.321,492.309,222.135,208.944,466.739,187.956,218.202,440.666,159.83,151.981,587.943,253.912,148.72,509.061,250.095,133.981,544.307,264.929,-40.9899,467.501,151.949,-44.2677,476.075,178.006,0.662084,473.021,179.643,-1.56506,464.047,153.935
87.1467,170.734,65.4905,141.982,140.007,48.8829,175.167,298.074,80.0889,124.055,230.496,61.712,179.37,200.251,57.4049,228.427,277.686,74.0709,227.078,383.402,8.59322,261.551,355.186,67.8248,191.799,428.724,162.719,171.955,455.236,193.795,158.712,481.03,225.739,196.226,492.241,222.091,208.841,466.685,187.894,218.089,440.628,159.747,151.897,587.873,253.929,148.632,508.987,250.073,133.895,544.231,264.929,-41.0839,467.473,151.923,-44.36,476.049,177.978,0.566638,472.986,179.619,-1.6569,464.014,153.917
87.1396,170.621,64.6904,142.038,139.95,48.1772,175.033,298.021,79.7032,124.01,230.405,61.0831,179.352,200.22,56.8563,228.299,277.664,73.7417,226.967,383.502,8.43699,261.4,355.207,67.6565,191.678,428.692,162.614,171.85,455.186,193.723,158.617,480.965,225.692,196.132,492.169,222.047,208.737,466.628,187.831,217.974,440.585,159.663,151.816,587.8,253.945,148.546,508.912,250.051,133.812,544.155,264.928,-41.1766,467.445,151.896,-44.451,476.022,177.951,0.472745,472.952,179.596,-1.74756,463.982,153.899
87.1255,170.508,63.8983,142.085,139.891,47.4787,174.894,297.965,79.3163,123.959,230.312,60.4596,179.326,200.186,56.3126,228.165,277.637,73.414,226.85,383.595,8.27947,261.243,355.223,67.4863,191.554,428.656,162.509,171.743,455.133,193.649,158.523,480.898,225.645,196.038,492.096,222.002,208.632,466.568,187.767,217.857,440.539,159.577,151.737,587.727,253.96,148.461,508.835,250.027,133.731,544.078,264.926,-41.2679,467.418,151.87,-44.5405,475.996,177.923,0.380421,472.918,179.572,-1.837,463.95,153.88
87.1048,170.393,63.116,142.124,139.828,46.7886,174.75,297.905,78.9292,123.901,230.217,59.8427,179.292,200.147,55.7745,228.025,277.605,73.0882,226.726,383.681,8.12105,261.083,355.232,67.3147,191.429,428.618,162.402,171.637,455.077,193.575,158.429,480.829,225.597,195.945,492.019,221.957,208.527,466.503,187.703,217.739,440.488,159.491,151.662,587.652,253.974,148.378,508.757,250.002,133.652,543.999,264.923,-41.3579,467.39,151.843,-44.6286,475.969,177.896,0.289684,472.885,179.548,-1.92521,463.918,153.861
87.0784,170.276,62.3453,142.155,139.762,46.108,174.602,297.842,78.5429,123.838,230.119,59.2337,179.252,200.104,55.2431,227.879,277.569,72.7651,226.597,383.76,7.96211,260.917,355.235,67.142,191.302,428.576,162.295,171.529,455.019,193.5,158.335,480.758,225.548,195.853,491.94,221.911,208.421,466.435,187.637,217.619,440.432,159.404,151.589,587.576,253.986,148.297,508.678,249.977,133.575,543.919,264.919,-41.4465,467.362,151.817,-44.7152,475.943,177.868,0.200551,472.852,179.524,-2.01216,463.886,153.841
87.0468,170.157,61.5879,142.179,139.692,45.4378,174.452,297.774,78.1585,123.769,230.018,58.6341,179.206,200.057,54.719,227.729,277.527,72.4452,226.461,383.832,7.80306,260.748,355.232,66.9686,191.174,428.53,162.188,171.422,454.959,193.425,158.242,480.685,225.5,195.761,491.859,221.865,208.315,466.363,187.571,217.498,440.373,159.316,151.519,587.499,253.998,148.217,508.597,249.951,133.501,543.838,264.913,-41.5336,467.334,151.791,-44.8003,475.917,177.841,0.113038,472.819,179.5,-2.09783,463.854,153.821
87.0109,170.034,60.8456,142.196,139.618,44.779,174.299,297.702,77.7771,123.696,229.913,58.0451,179.155,200.004,54.2033,227.574,277.48,72.1291,226.321,383.897,7.64432,260.576,355.223,66.7951,191.044,428.481,162.081,171.314,454.896,193.35,158.15,480.611,225.451,195.67,491.775,221.819,208.209,466.287,187.504,217.377,440.309,159.228,151.452,587.42,254.008,148.139,508.515,249.924,133.429,543.757,264.908,-41.6193,467.306,151.765,-44.8839,475.89,177.814,0.0271595,472.787,179.475,-2.1822,463.823,153.8
86.9712,169.908,60.1201,142.208,139.539,44.1329,174.143,297.625,77.3998,123.619,229.805,57.4681,179.099,199.947,53.6968,227.415,277.428,71.8174,226.175,383.953,7.4863,260.4,355.207,66.6219,190.913,428.428,161.974,171.205,454.83,193.276,158.058,480.535,225.402,195.58,491.688,221.773,208.103,466.208,187.437,217.254,440.241,159.14,151.388,587.34,254.017,148.062,508.431,249.897,133.359,543.674,264.901,-41.7035,467.278,151.738,-44.966,475.864,177.788,-0.0570693,472.755,179.451,-2.26524,463.791,153.779
86.9287,169.777,59.4131,142.214,139.456,43.5002,173.987,297.544,77.0277,123.539,229.691,56.9044,179.039,199.884,53.2004,227.254,277.371,71.5106,226.024,384.001,7.32946,260.222,355.185,66.4494,190.782,428.372,161.868,171.097,454.761,193.202,157.967,480.457,225.353,195.491,491.599,221.728,207.997,466.125,187.37,217.13,440.169,159.052,151.327,587.26,254.025,147.987,508.347,249.87,133.292,543.59,264.893,-41.7862,467.251,151.712,-45.0465,475.837,177.761,-0.139634,472.724,179.427,-2.34692,463.759,153.757
86.884,169.642,58.7263,142.217,139.368,42.882,173.829,297.457,76.662,123.456,229.574,56.3552,178.976,199.816,52.7148,227.091,277.309,71.2094,225.869,384.042,7.17424,260.041,355.157,66.2782,190.649,428.312,161.763,170.988,454.691,193.128,157.876,480.378,225.304,195.402,491.508,221.682,207.892,466.039,187.304,217.007,440.093,158.965,151.269,587.178,254.033,147.914,508.261,249.842,133.227,543.506,264.885,-41.8674,467.223,151.686,-45.1255,475.811,177.735,-0.22052,472.693,179.403,-2.42722,463.728,153.735
86.8379,169.502,58.0611,142.215,139.274,42.2793,173.672,297.364,76.3038,123.37,229.451,55.8218,178.911,199.742,52.2409,226.926,277.242,70.9141,225.709,384.074,7.02108,259.858,355.123,66.1087,190.517,428.249,161.66,170.88,454.617,193.056,157.786,480.297,225.256,195.315,491.415,221.638,207.786,465.949,187.238,216.882,440.013,158.879,151.213,587.095,254.039,147.843,508.174,249.813,133.164,543.421,264.876,-41.9471,467.195,151.66,-45.2029,475.784,177.709,-0.299715,472.662,179.379,-2.50612,463.696,153.713
86.7912,169.356,57.419,142.212,139.175,41.693,173.514,297.266,75.9542,123.284,229.323,55.3054,178.843,199.663,51.7795,226.761,277.17,70.6254,225.546,384.098,6.87043,259.673,355.083,65.9413,190.384,428.183,161.558,170.772,454.542,192.984,157.698,480.214,225.208,195.228,491.319,221.594,207.681,465.857,187.172,216.758,439.929,158.793,151.16,587.011,254.044,147.773,508.086,249.785,133.104,543.335,264.867,-42.0251,467.167,151.635,-45.2788,475.757,177.683,-0.377206,472.632,179.355,-2.58359,463.665,153.691
86.7444,169.204,56.8013,142.206,139.07,41.124,173.358,297.161,75.6143,123.196,229.189,54.8069,178.775,199.577,51.3313,226.596,277.093,70.3437,225.379,384.113,6.72276,259.488,355.037,65.7766,190.251,428.114,161.458,170.664,454.464,192.914,157.61,480.13,225.162,195.142,491.222,221.55,207.576,465.761,187.107,216.633,439.842,158.709,151.11,586.926,254.049,147.704,507.997,249.756,133.046,543.248,264.856,-42.1016,467.14,151.609,-45.353,475.731,177.657,-0.45298,472.601,179.331,-2.65961,463.633,153.668
86.6983,169.045,56.2092,142.198,138.959,40.5732,173.203,297.051,75.2851,123.107,229.05,54.3276,178.706,199.486,50.897,226.432,277.011,70.0695,225.209,384.12,6.5785,259.302,354.984,65.6149,190.118,428.041,161.36,170.556,454.384,192.845,157.523,480.045,225.115,195.057,491.123,221.508,207.472,465.663,187.043,216.509,439.751,158.626,151.062,586.841,254.052,147.638,507.908,249.728,132.99,543.161,264.846,-42.1765,467.112,151.583,-45.4257,475.704,177.632,-0.527025,472.571,179.307,-2.73415,463.602,153.646
86.6536,168.88,55.6438,142.191,138.842,40.0412,173.049,296.935,74.9675,123.019,228.904,53.8682,178.637,199.388,50.4773,226.27,276.924,69.8032,225.036,384.119,6.43811,259.115,354.926,65.4568,189.986,427.966,161.264,170.45,454.303,192.778,157.436,479.959,225.07,194.973,491.022,221.467,207.369,465.562,186.98,216.385,439.657,158.546,151.017,586.755,254.055,147.573,507.817,249.699,132.936,543.073,264.835,-42.2497,467.084,151.558,-45.4967,475.678,177.607,-0.599331,472.542,179.284,-2.8072,463.57,153.623
86.6109,168.708,55.106,142.183,138.719,39.5289,172.898,296.812,74.6625,122.932,228.753,53.4295,178.569,199.285,50.0728,226.11,276.833,69.5454,224.862,384.109,6.30203,258.928,354.863,65.3027,189.854,427.888,161.172,170.344,454.219,192.713,157.351,479.871,225.026,194.89,490.919,221.427,207.266,465.458,186.919,216.262,439.56,158.467,150.975,586.668,254.057,147.509,507.726,249.671,132.884,542.985,264.823,-42.3212,467.056,151.533,-45.5661,475.651,177.582,-0.669887,472.512,179.261,-2.87872,463.538,153.6
86.5706,168.529,54.5965,142.176,138.59,39.037,172.749,296.684,74.3708,122.846,228.595,53.0123,178.502,199.175,49.684,225.953,276.737,69.2963,224.686,384.091,6.1707,258.743,354.794,65.1531,189.723,427.807,161.082,170.238,454.133,192.65,157.267,479.783,224.983,194.808,490.816,221.389,207.165,465.352,186.859,216.14,439.46,158.39,150.935,586.58,254.059,147.447,507.634,249.643,132.834,542.897,264.812,-42.3911,467.028,151.508,-45.6339,475.624,177.558,-0.738683,472.482,179.238,-2.94869,463.507,153.577
86.5334,168.342,54.1158,142.17,138.455,38.566,172.603,296.549,74.0932,122.761,228.431,52.6172,178.437,199.059,49.3114,225.799,276.636,69.0563,224.508,384.065,6.04451,258.557,354.719,65.0083,189.593,427.723,160.995,170.134,454.046,192.588,157.184,479.693,224.942,194.727,490.71,221.352,207.064,465.245,186.801,216.018,439.358,158.316,150.898,586.492,254.06,147.387,507.542,249.616,132.787,542.808,264.8,-42.4593,467,151.483,-45.7,475.597,177.533,-0.80571,472.453,179.215,-3.0171,463.475,153.554
86.4996,168.148,53.6644,142.165,138.313,38.1165,172.461,296.408,73.8303,122.679,228.261,52.2445,178.374,198.937,48.9556,225.65,276.532,68.8258,224.33,384.031,5.92387,258.374,354.64,64.8688,189.464,427.637,160.912,170.03,453.957,192.53,157.102,479.603,224.902,194.648,490.604,221.316,206.965,465.135,186.745,215.898,439.252,158.244,150.862,586.404,254.06,147.328,507.45,249.589,132.741,542.719,264.788,-42.5257,466.973,151.459,-45.7644,475.57,177.51,-0.870962,472.424,179.193,-3.08391,463.443,153.531
86.4696,167.947,53.2424,142.163,138.165,37.6889,172.322,296.261,73.5827,122.599,228.085,51.8946,178.314,198.81,48.6167,225.505,276.424,68.6051,224.151,383.99,5.80916,258.191,354.555,64.7349,189.337,427.549,160.833,169.928,453.867,192.473,157.022,479.512,224.863,194.569,490.497,221.283,206.867,465.023,186.691,215.779,439.145,158.176,150.829,586.315,254.06,147.271,507.357,249.562,132.697,542.63,264.776,-42.5905,466.945,151.434,-45.8272,475.543,177.486,-0.93443,472.394,179.17,-3.14912,463.411,153.508
86.4437,167.739,52.8499,142.164,138.012,37.2835,172.187,296.108,73.3508,122.521,227.903,51.5677,178.257,198.676,48.2952,225.365,276.311,68.3946,223.972,383.94,5.70071,258.011,354.466,64.607,189.211,427.459,160.758,169.827,453.775,192.419,156.942,479.42,224.827,194.492,490.389,221.251,206.77,464.91,186.638,215.661,439.035,158.11,150.799,586.227,254.059,147.215,507.264,249.536,132.655,542.541,264.763,-42.6534,466.917,151.41,-45.8883,475.516,177.463,-0.996108,472.365,179.149,-3.21268,463.379,153.486
86.4221,167.523,52.4865,142.167,137.852,36.9008,172.056,295.949,73.1348,122.447,227.715,51.2637,178.203,198.537,47.9913,225.231,276.195,68.1944,223.794,383.883,5.59884,257.833,354.373,64.4854,189.087,427.367,160.686,169.727,453.682,192.368,156.864,479.328,224.792,194.416,490.28,221.221,206.675,464.795,186.589,215.544,438.924,158.048,150.77,586.138,254.059,147.161,507.171,249.511,132.615,542.452,264.751,-42.7146,466.888,151.386,-45.9476,475.489,177.44,-1.05599,472.335,179.127,-3.2746,463.347,153.463
86.4051,167.301,52.1518,142.174,137.687,36.5406,171.93,295.785,72.9352,122.377,227.521,50.9825,178.152,198.393,47.7051,225.102,276.076,68.0049,223.617,383.82,5.50382,257.657,354.275,64.3705,188.965,427.273,160.619,169.629,453.589,192.32,156.787,479.236,224.758,194.341,490.171,221.192,206.581,464.68,186.541,215.43,438.811,157.989,150.743,586.049,254.057,147.108,507.078,249.486,132.576,542.364,264.739,-42.774,466.86,151.362,-46.0053,475.462,177.418,-1.11408,472.306,179.106,-3.33484,463.314,153.44
86.3926,167.072,51.8454,142.184,137.516,36.2032,171.808,295.616,72.7518,122.309,227.321,50.724,178.106,198.243,47.4367,224.978,275.954,67.8262,223.442,383.749,5.41591,257.485,354.173,64.2626,188.845,427.178,160.556,169.532,453.494,192.275,156.711,479.143,224.727,194.267,490.061,221.166,206.488,464.563,186.497,215.317,438.696,157.934,150.719,585.96,254.056,147.057,506.985,249.462,132.54,542.275,264.726,-42.8316,466.832,151.339,-46.0613,475.434,177.396,-1.17036,472.276,179.085,-3.39338,463.282,153.418
86.3847,166.838,51.5663,142.197,137.34,35.8884,171.69,295.441,72.5847,122.246,227.117,50.4875,178.063,198.089,47.186,224.861,275.829,67.6585,223.268,383.671,5.3353,257.315,354.067,64.1618,188.726,427.081,160.497,169.437,453.399,192.232,156.636,479.05,224.697,194.195,489.951,221.142,206.398,464.446,186.455,215.206,438.581,157.882,150.696,585.871,254.054,147.007,506.892,249.439,132.504,542.187,264.714,-42.8874,466.803,151.316,-46.1155,475.406,177.374,-1.22484,472.247,179.064,-3.45022,463.249,153.396
86.3814,166.597,51.3136,142.214,137.16,35.5959,171.576,295.262,72.4338,122.186,226.907,50.2726,178.024,197.93,46.9529,224.75,275.701,67.5019,223.096,383.588,5.26213,257.148,353.957,64.0684,188.611,426.983,160.443,169.343,453.303,192.193,156.563,478.958,224.67,194.124,489.841,221.12,206.309,464.329,186.415,215.097,438.464,157.835,150.674,585.783,254.053,146.958,506.8,249.417,132.471,542.099,264.703,-42.9414,466.775,151.293,-46.1681,475.378,177.353,-1.27752,472.217,179.044,-3.50533,463.216,153.374
86.3827,166.352,51.0863,142.235,136.974,35.3254,171.467,295.078,72.2988,122.13,226.693,50.0785,177.989,197.767,46.7372,224.644,275.57,67.3566,222.927,383.498,5.19652,256.985,353.845,63.9826,188.497,426.884,160.393,169.251,453.207,192.157,156.491,478.865,224.644,194.054,489.731,221.1,206.221,464.211,186.379,214.99,438.346,157.791,150.655,585.694,254.051,146.911,506.708,249.396,132.439,542.012,264.691,-42.9935,466.746,151.27,-46.2188,475.35,177.332,-1.3284,472.186,179.024,-3.5587,463.184,153.352
86.3884,166.101,50.8831,142.26,136.784,35.0765,171.363,294.891,72.1793,122.079,226.474,49.9044,177.958,197.6,46.5385,224.545,275.437,67.2224,222.761,383.402,5.13851,256.825,353.729,63.9046,188.386,426.784,160.348,169.161,453.11,192.124,156.421,478.773,224.621,193.986,489.621,221.083,206.136,464.092,186.345,214.885,438.228,157.751,150.637,585.607,254.049,146.865,506.617,249.376,132.408,541.926,264.68,-43.0438,466.717,151.248,-46.2679,475.322,177.311,-1.37747,472.156,179.005,-3.61031,463.15,153.33
86.3983,165.847,50.7026,142.288,136.591,34.8484,171.263,294.699,72.075,122.031,226.252,49.7494,177.931,197.429,46.3566,224.451,275.302,67.0995,222.598,383.302,5.08812,256.669,353.61,63.8343,188.277,426.684,160.308,169.072,453.014,192.094,156.352,478.681,224.6,193.92,489.512,221.067,206.052,463.974,186.315,214.783,438.11,157.715,150.62,585.519,254.047,146.82,506.526,249.356,132.379,541.84,264.669,-43.0923,466.688,151.226,-46.3152,475.293,177.291,-1.42475,472.125,178.986,-3.66015,463.117,153.309
86.4123,165.589,50.5433,142.319,136.394,34.6404,171.167,294.504,71.9852,121.986,226.027,49.6124,177.908,197.255,46.1908,224.363,275.165,66.9878,222.439,383.196,5.0453,256.517,353.489,63.7719,188.171,426.582,160.272,168.985,452.917,192.067,156.285,478.589,224.58,193.854,489.403,221.054,205.97,463.857,186.287,214.682,437.991,157.684,150.605,585.433,254.045,146.777,506.437,249.338,132.351,541.755,264.658,-43.1388,466.659,151.204,-46.3608,475.265,177.272,-1.47024,472.094,178.967,-3.7082,463.084,153.288
86.4301,165.328,50.4036,142.354,136.194,34.4517,171.076,294.307,71.9093,121.946,225.798,49.4923,177.888,197.078,46.0406,224.28,275.026,66.887,222.283,383.086,5.00994,256.369,353.366,63.7173,188.067,426.481,160.241,168.901,452.821,192.043,156.218,478.498,224.563,193.791,489.295,221.042,205.89,463.739,186.263,214.584,437.872,157.656,150.591,585.347,254.043,146.734,506.348,249.321,132.324,541.67,264.648,-43.1836,466.629,151.182,-46.4046,475.236,177.252,-1.51394,472.063,178.949,-3.75446,463.05,153.268
86.4514,165.065,50.2818,142.392,135.991,34.2812,170.988,294.106,71.8466,121.909,225.568,49.3879,177.872,196.899,45.9054,224.202,274.886,66.7971,222.131,382.972,4.98188,256.225,353.24,63.6704,187.966,426.38,160.214,168.818,452.725,192.022,156.154,478.408,224.548,193.728,489.187,221.033,205.812,463.623,186.241,214.489,437.754,157.632,150.578,585.262,254.042,146.693,506.26,249.305,132.298,541.587,264.638,-43.2264,466.6,151.161,-46.4467,475.206,177.233,-1.55585,472.031,178.931,-3.79891,463.016,153.248
86.4761,164.8,50.1763,142.432,135.786,34.1278,170.905,293.904,71.7962,121.875,225.335,49.2979,177.858,196.718,45.7843,224.129,274.745,66.7177,221.983,382.855,4.96093,256.084,353.113,63.6312,187.867,426.278,160.192,168.737,452.629,192.004,156.09,478.319,224.535,193.668,489.08,221.026,205.736,463.507,186.222,214.396,437.636,157.613,150.566,585.178,254.041,146.654,506.173,249.291,132.274,541.504,264.629,-43.2673,466.57,151.14,-46.4871,475.177,177.214,-1.596,471.999,178.913,-3.84155,462.982,153.228
86.5038,164.534,50.0853,142.476,135.58,33.9904,170.825,293.7,71.7574,121.845,225.101,49.2211,177.848,196.536,45.6766,224.06,274.603,66.6485,221.84,382.734,4.94683,255.948,352.984,63.5995,187.772,426.177,160.173,168.658,452.534,191.989,156.029,478.23,224.524,193.608,488.975,221.021,205.662,463.392,186.207,214.305,437.518,157.597,150.555,585.095,254.039,146.615,506.087,249.277,132.25,541.423,264.62,-43.3064,466.54,151.12,-46.5257,475.147,177.196,-1.63438,471.967,178.896,-3.88237,462.948,153.208
86.5343,164.267,50.007,142.521,135.372,33.8677,170.749,293.495,71.7293,121.817,224.867,49.156,177.841,196.353,45.5813,223.995,274.46,66.5891,221.701,382.61,4.93926,255.815,352.855,63.5751,187.678,426.076,160.159,168.581,452.44,191.977,155.968,478.143,224.515,193.551,488.87,221.018,205.589,463.278,186.194,214.216,437.401,157.585,150.545,585.012,254.039,146.578,506.002,249.264,132.228,541.343,264.611,-43.3436,466.51,151.099,-46.5625,475.117,177.178,-1.67102,471.935,178.879,-3.92136,462.914,153.189
86.5672,164.001,49.9398,142.569,135.164,33.7583,170.677,293.289,71.7108,121.793,224.632,49.1013,177.836,196.169,45.4976,223.934,274.317,66.5391,221.567,382.484,4.93789,255.687,352.724,63.5576,187.588,425.976,160.149,168.506,452.347,191.968,155.91,478.056,224.507,193.494,488.767,221.016,205.519,463.165,186.184,214.13,437.285,157.577,150.536,584.931,254.038,146.541,505.919,249.253,132.206,541.264,264.603,-43.379,466.479,151.079,-46.5976,475.087,177.161,-1.7059,471.902,178.863,-3.95851,462.88,153.171
86.6024,163.736,49.8819,142.618,134.957,33.661,170.607,293.083,71.701,121.771,224.398,49.0558,177.834,195.985,45.4244,223.876,274.173,66.4979,221.438,382.357,4.94231,255.562,352.593,63.5467,187.5,425.876,160.142,168.433,452.254,191.961,155.852,477.971,224.502,193.44,488.665,221.017,205.451,463.053,186.177,214.047,437.17,157.572,150.528,584.852,254.038,146.506,505.837,249.243,132.186,541.186,264.596,-43.4124,466.449,151.06,-46.631,475.056,177.144,-1.73906,471.868,178.847,-3.99383,462.845,153.152
86.6395,163.472,49.8317,142.669,134.749,33.5742,170.541,292.877,71.6989,121.752,224.165,49.0181,177.833,195.801,45.3608,223.82,274.03,66.465,221.313,382.228,4.95207,255.442,352.462,63.5421,187.414,425.777,160.139,168.363,452.163,191.957,155.797,477.887,224.499,193.387,488.564,221.019,205.384,462.944,186.172,213.965,437.056,157.571,150.52,584.773,254.038,146.472,505.757,249.233,132.166,541.109,264.589,-43.444,466.418,151.041,-46.6626,475.025,177.127,-1.7705,471.834,178.831,-4.0273,462.811,153.135
86.6783,163.21,49.7878,142.721,134.543,33.4968,170.478,292.672,71.7035,121.735,223.934,48.987,177.834,195.619,45.3057,223.768,273.887,66.4398,221.194,382.098,4.96672,255.326,352.332,63.5434,187.332,425.68,160.14,168.294,452.073,191.955,155.743,477.805,224.497,193.335,488.465,221.023,205.32,462.835,186.17,213.887,436.944,157.573,150.513,584.696,254.038,146.439,505.678,249.225,132.148,541.035,264.583,-43.4737,466.387,151.022,-46.6925,474.994,177.11,-1.80024,471.8,178.816,-4.05893,462.776,153.117
86.7185,162.951,49.7486,142.773,134.339,33.4272,170.418,292.469,71.7139,121.72,223.704,48.9611,177.837,195.438,45.2583,223.717,273.745,66.4217,221.079,381.969,4.98574,255.213,352.201,63.5499,187.252,425.583,160.143,168.227,451.984,191.955,155.69,477.724,224.496,193.285,488.368,221.028,205.258,462.729,186.171,213.811,436.833,157.578,150.507,584.62,254.039,146.407,505.601,249.218,132.13,540.961,264.577,-43.5015,466.356,151.003,-46.7207,474.963,177.094,-1.82828,471.766,178.801,-4.08872,462.742,153.101
86.76,162.696,49.7128,142.826,134.137,33.3641,170.36,292.267,71.7289,121.707,223.478,48.9394,177.841,195.259,45.2173,223.668,273.604,66.4098,220.969,381.839,5.00861,255.105,352.072,63.5614,187.174,425.488,160.149,168.163,451.896,191.957,155.639,477.644,224.498,193.237,488.272,221.035,205.198,462.624,186.173,213.737,436.724,157.586,150.5,584.546,254.04,146.377,505.525,249.212,132.112,540.889,264.572,-43.5275,466.325,150.985,-46.7471,474.931,177.079,-1.85465,471.731,178.786,-4.11666,462.707,153.084
86.8026,162.444,49.6793,142.88,133.939,33.3063,170.305,292.069,71.7476,121.695,223.255,48.9206,177.847,195.083,45.1819,223.621,273.465,66.4036,220.863,381.71,5.03477,255.001,351.944,63.5772,187.099,425.394,160.157,168.101,451.81,191.961,155.59,477.566,224.5,193.19,488.178,221.044,205.14,462.521,186.178,213.666,436.616,157.596,150.495,584.473,254.041,146.347,505.451,249.207,132.096,540.819,264.567,-43.5516,466.294,150.967,-46.7718,474.899,177.064,-1.87935,471.696,178.772,-4.14277,462.672,153.068
86.846,162.197,49.6469,142.933,133.744,33.2525,170.253,291.873,71.769,121.685,223.037,48.9038,177.853,194.91,45.1512,223.576,273.328,66.4023,220.763,381.583,5.06367,254.9,351.818,63.5968,187.027,425.302,160.168,168.041,451.726,191.967,155.543,477.49,224.504,193.145,488.086,221.053,205.084,462.421,186.185,213.597,436.511,157.609,150.489,584.402,254.043,146.319,505.38,249.203,132.08,540.75,264.563,-43.5738,466.262,150.949,-46.7948,474.867,177.049,-1.90241,471.661,178.758,-4.16704,462.638,153.053
86.8902,161.956,49.6148,142.986,133.553,33.2015,170.203,291.681,71.7924,121.677,222.823,48.8881,177.86,194.741,45.1241,223.531,273.193,66.4051,220.668,381.457,5.09474,254.804,351.694,63.6196,186.957,425.211,160.181,167.983,451.644,191.974,155.497,477.415,224.509,193.102,487.996,221.064,205.03,462.323,186.193,213.531,436.407,157.624,150.484,584.333,254.045,146.291,505.31,249.199,132.065,540.683,264.559,-43.5943,466.231,150.932,-46.8161,474.835,177.034,-1.92383,471.625,178.744,-4.18949,462.603,153.038
86.9349,161.72,49.5821,143.038,133.367,33.1524,170.155,291.494,71.8166,121.67,222.614,48.8724,177.867,194.576,45.1,223.488,273.061,66.4115,220.577,381.333,5.12742,254.712,351.572,63.6451,186.891,425.123,160.195,167.928,451.563,191.982,155.453,477.343,224.516,193.06,487.909,221.076,204.978,462.227,186.203,213.467,436.306,157.64,150.48,584.266,254.047,146.265,505.242,249.197,132.051,540.618,264.556,-43.6129,466.199,150.915,-46.8357,474.803,177.02,-1.94363,471.589,178.731,-4.2101,462.569,153.024
86.9801,161.491,49.5482,143.09,133.186,33.1042,170.11,291.311,71.841,121.664,222.411,48.8561,177.876,194.416,45.078,223.445,272.933,66.4206,220.491,381.212,5.16114,254.624,351.453,63.6728,186.826,425.036,160.211,167.875,451.485,191.992,155.411,477.272,224.523,193.02,487.823,221.089,204.928,462.133,186.215,213.407,436.208,157.659,150.475,584.2,254.05,146.24,505.176,249.195,132.037,540.554,264.554,-43.6297,466.167,150.899,-46.8536,474.77,177.007,-1.96183,471.553,178.718,-4.2289,462.534,153.01
87.0255,161.269,49.5126,143.141,133.012,33.056,170.067,291.134,71.8648,121.659,222.214,48.8385,177.884,194.261,45.0575,223.404,272.807,66.4318,220.41,381.093,5.19538,254.541,351.338,63.702,186.765,424.952,160.227,167.825,451.408,192.003,155.37,477.203,224.531,192.981,487.74,221.102,204.881,462.043,186.228,213.349,436.112,157.678,150.471,584.136,254.053,146.216,505.112,249.195,132.024,540.493,264.551,-43.6446,466.135,150.883,-46.8698,474.738,176.993,-1.97845,471.517,178.706,-4.2459,462.5,152.996
87.0712,161.054,49.4748,143.191,132.843,33.0072,170.026,290.963,71.8873,121.655,222.025,48.819,177.893,194.111,45.0378,223.363,272.686,66.4446,220.334,380.978,5.22962,254.462,351.225,63.7323,186.706,424.87,160.245,167.777,451.334,192.014,155.332,477.137,224.54,192.945,487.66,221.116,204.836,461.955,186.242,213.293,436.018,157.699,150.466,584.075,254.057,146.193,505.05,249.195,132.011,540.433,264.55,-43.6578,466.104,150.867,-46.8844,474.705,176.98,-1.99348,471.48,178.694,-4.26109,462.466,152.984
87.1169,160.848,49.4346,143.24,132.682,32.9571,169.987,290.798,71.9078,121.653,221.843,48.7972,177.903,193.968,45.0185,223.323,272.57,66.4583,220.263,380.867,5.26337,254.387,351.117,63.7631,186.651,424.791,160.263,167.731,451.262,192.027,155.295,477.072,224.55,192.91,487.581,221.131,204.793,461.869,186.257,213.241,435.928,157.721,150.462,584.015,254.06,146.171,504.991,249.195,131.999,540.375,264.549,-43.6692,466.072,150.852,-46.8973,474.672,176.968,-2.00697,471.444,178.682,-4.2745,462.432,152.971
87.1627,160.65,49.3919,143.288,132.529,32.9053,169.951,290.641,71.9258,121.651,221.669,48.7727,177.912,193.831,44.9992,223.285,272.458,66.4724,220.196,380.76,5.29617,254.317,351.013,63.7941,186.598,424.714,160.281,167.688,451.192,192.039,155.26,477.01,224.56,192.877,487.506,221.146,204.753,461.787,186.273,213.191,435.84,157.743,150.458,583.958,254.064,146.151,504.934,249.197,131.988,540.32,264.548,-43.6789,466.04,150.837,-46.9086,474.64,176.955,-2.01891,471.407,178.671,-4.28613,462.398,152.96
87.2085,160.46,49.3466,143.335,132.383,32.8515,169.917,290.491,71.9409,121.651,221.503,48.7452,177.923,193.702,44.9795,223.247,272.351,66.4866,220.134,380.657,5.32762,254.252,350.913,63.8247,186.548,424.641,160.299,167.648,451.125,192.052,155.228,476.95,224.571,192.846,487.433,221.162,204.715,461.708,186.29,213.145,435.756,157.766,150.454,583.902,254.069,146.131,504.879,249.199,131.977,540.266,264.548,-43.6868,466.009,150.823,-46.9182,474.607,176.944,-2.02932,471.371,178.659,-4.29601,462.365,152.948
87.2541,160.28,49.2989,143.382,132.246,32.7955,169.885,290.35,71.9526,121.652,221.346,48.7147,177.933,193.58,44.9591,223.21,272.25,66.5004,220.077,380.559,5.35736,254.191,350.819,63.8546,186.502,424.57,160.318,167.61,451.06,192.066,155.197,476.893,224.582,192.816,487.363,221.178,204.68,461.632,186.307,213.101,435.676,157.789,150.45,583.849,254.073,146.113,504.827,249.201,131.967,540.215,264.548,-43.693,465.977,150.809,-46.9262,474.574,176.932,-2.03821,471.334,178.649,-4.30413,462.332,152.938
87.2997,160.109,49.2489,143.427,132.118,32.7373,169.856,290.217,71.9607,121.654,221.198,48.6811,177.945,193.466,44.9381,223.175,272.155,66.5135,220.025,380.465,5.38507,254.136,350.729,63.8834,186.458,424.501,160.335,167.576,450.998,192.079,155.169,476.838,224.594,192.789,487.296,221.194,204.648,461.56,186.324,213.061,435.598,157.812,150.446,583.799,254.078,146.096,504.777,249.204,131.958,540.166,264.548,-43.6975,465.946,150.795,-46.9326,474.542,176.921,-2.04562,471.298,178.638,-4.31053,462.299,152.928
87.3451,159.949,49.197,143.472,131.999,32.6769,169.83,290.093,71.9649,121.658,221.06,48.6445,177.957,193.359,44.9164,223.141,272.066,66.5257,219.978,380.377,5.4105,254.086,350.645,63.9109,186.418,424.437,160.353,167.544,450.939,192.093,155.142,476.785,224.606,192.763,487.232,221.21,204.618,461.491,186.342,213.024,435.525,157.834,150.442,583.75,254.083,146.08,504.729,249.208,131.949,540.119,264.549,-43.7003,465.915,150.782,-46.9375,474.509,176.911,-2.05153,471.262,178.628,-4.31522,462.267,152.918
87.3904,159.798,49.1435,143.517,131.889,32.6145,169.806,289.979,71.9651,121.664,220.932,48.605,177.97,193.262,44.8941,223.11,271.984,66.5369,219.936,380.294,5.43344,254.041,350.566,63.9369,186.381,424.375,160.37,167.514,450.882,192.106,155.118,476.735,224.618,192.74,487.172,221.226,204.59,461.425,186.36,212.991,435.455,157.857,150.438,583.704,254.088,146.066,504.685,249.212,131.941,540.075,264.55,-43.7015,465.884,150.769,-46.9407,474.477,176.9,-2.05598,471.226,178.619,-4.31822,462.235,152.909
87.4356,159.657,49.089,143.561,131.789,32.5506,169.785,289.874,71.9613,121.672,220.814,48.563,177.984,193.173,44.8714,223.08,271.908,66.547,219.899,380.217,5.45375,254.002,350.494,63.961,186.347,424.317,160.386,167.488,450.829,192.12,155.096,476.688,224.63,192.718,487.114,221.243,204.566,461.363,186.378,212.961,435.389,157.879,150.434,583.661,254.093,146.053,504.643,249.216,131.933,540.033,264.552,-43.701,465.853,150.757,-46.9424,474.445,176.89,-2.05898,471.191,178.609,-4.31954,462.204,152.9
87.4808,159.527,49.0338,143.606,131.699,32.4855,169.768,289.78,71.9535,121.682,220.706,48.5188,178,193.092,44.8484,223.053,271.839,66.5561,219.867,380.145,5.47137,253.968,350.427,63.9834,186.318,424.262,160.401,167.465,450.778,192.133,155.077,476.643,224.643,192.699,487.06,221.259,204.544,461.305,186.396,212.934,435.327,157.901,150.43,583.62,254.099,146.041,504.603,249.221,131.926,539.993,264.554,-43.699,465.823,150.745,-46.9426,474.413,176.881,-2.06054,471.155,178.601,-4.31921,462.173,152.892
87.5261,159.407,48.9788,143.651,131.619,32.4198,169.754,289.695,71.9419,121.694,220.608,48.4728,178.017,193.021,44.8256,223.029,271.778,66.5641,219.84,380.078,5.48626,253.941,350.367,64.0037,186.291,424.211,160.415,167.445,450.731,192.146,155.06,476.602,224.655,192.682,487.009,221.275,204.525,461.251,186.414,212.911,435.27,157.922,150.426,583.582,254.105,146.03,504.567,249.227,131.919,539.956,264.556,-43.6953,465.793,150.734,-46.9412,474.382,176.872,-2.06067,471.121,178.592,-4.31725,462.143,152.885
87.5716,159.298,48.9245,143.698,131.55,32.3542,169.743,289.621,71.9266,121.71,220.521,48.4256,178.037,192.959,44.8035,223.007,271.724,66.5713,219.819,380.018,5.49849,253.919,350.314,64.0222,186.269,424.164,160.429,167.428,450.687,192.158,155.045,476.563,224.668,192.666,486.962,221.291,204.509,461.201,186.432,212.892,435.217,157.943,150.422,583.546,254.11,146.021,504.533,249.232,131.914,539.921,264.559,-43.69,465.764,150.723,-46.9384,474.351,176.863,-2.0594,471.087,178.584,-4.31369,462.114,152.878
87.6175,159.199,48.8716,143.745,131.49,32.2893,169.736,289.558,71.908,121.728,220.445,48.3777,178.059,192.906,44.7824,222.989,271.677,66.578,219.804,379.963,5.50816,253.904,350.266,64.0389,186.25,424.12,160.441,167.414,450.646,192.171,155.032,476.527,224.681,192.653,486.918,221.306,204.496,461.155,186.449,212.877,435.168,157.963,150.418,583.513,254.116,146.013,504.502,249.238,131.908,539.889,264.562,-43.6833,465.735,150.713,-46.9341,474.32,176.855,-2.05674,471.053,178.576,-4.30855,462.086,152.872
87.6639,159.111,48.8209,143.794,131.441,32.2262,169.733,289.505,71.8864,121.75,220.379,48.3297,178.083,192.862,44.7629,222.975,271.639,66.5844,219.794,379.914,5.51544,253.895,350.226,64.0538,186.235,424.08,160.453,167.404,450.609,192.183,155.022,476.494,224.693,192.642,486.878,221.322,204.487,461.113,186.467,212.865,435.124,157.982,150.415,583.483,254.122,146.006,504.474,249.245,131.904,539.86,264.565,-43.675,465.706,150.703,-46.9283,474.29,176.847,-2.05269,471.02,178.569,-4.30186,462.058,152.866
87.7112,159.032,48.7732,143.845,131.401,32.1655,169.734,289.462,71.8623,121.775,220.323,48.2823,178.11,192.828,44.7457,222.966,271.607,66.5908,219.791,379.871,5.52054,253.893,350.192,64.0671,186.224,424.045,160.464,167.396,450.574,192.195,155.014,476.464,224.706,192.634,486.842,221.337,204.48,461.075,186.484,212.857,435.084,158.001,150.411,583.456,254.128,146,504.449,249.252,131.9,539.833,264.568,-43.6653,465.679,150.693,-46.9211,474.26,176.839,-2.04729,470.988,178.562,-4.29364,462.031,152.861
87.7595,158.964,48.7291,143.899,131.372,32.1083,169.74,289.43,71.836,121.804,220.278,48.2361,178.141,192.802,44.7313,222.96,271.584,66.5978,219.793,379.833,5.52375,253.898,350.165,64.0791,186.217,424.013,160.474,167.392,450.544,192.206,155.009,476.437,224.718,192.627,486.809,221.352,204.476,461.042,186.501,212.854,435.05,158.019,150.407,583.431,254.134,145.996,504.427,249.259,131.896,539.809,264.572,-43.6541,465.652,150.684,-46.9125,474.232,176.832,-2.04054,470.957,178.556,-4.28393,462.005,152.856
87.809,158.906,48.6895,143.956,131.352,32.0555,169.75,289.409,71.8082,121.838,220.243,48.192,178.175,192.786,44.7205,222.96,271.568,66.6057,219.802,379.802,5.52537,253.909,350.145,64.0901,186.214,423.985,160.483,167.391,450.517,192.218,155.006,476.413,224.731,192.623,486.781,221.367,204.475,461.013,186.518,212.854,435.02,158.037,150.403,583.41,254.141,145.993,504.408,249.266,131.894,539.788,264.576,-43.6415,465.625,150.675,-46.9025,474.203,176.826,-2.03247,470.927,178.55,-4.27275,461.979,152.852
87.8602,158.857,48.6551,144.016,131.342,32.0081,169.765,289.397,71.7794,121.876,220.218,48.1504,178.213,192.778,44.7139,222.964,271.559,66.6152,219.817,379.775,5.52575,253.927,350.131,64.1003,186.216,423.962,160.492,167.394,450.493,192.229,155.005,476.393,224.744,192.621,486.757,221.382,204.477,460.989,186.535,212.858,434.995,158.054,150.4,583.391,254.147,145.992,504.392,249.274,131.892,539.77,264.58,-43.6276,465.6,150.667,-46.8912,474.176,176.819,-2.02308,470.897,178.544,-4.26015,461.955,152.848
87.9133,158.817,48.6267,144.08,131.341,31.967,169.785,289.396,71.7501,121.918,220.203,48.1123,178.256,192.779,44.7122,222.974,271.558,66.6265,219.839,379.755,5.52527,253.952,350.124,64.1101,186.221,423.942,160.501,167.399,450.474,192.24,155.007,476.375,224.757,192.622,486.736,221.396,204.483,460.969,186.551,212.867,434.974,158.071,150.396,583.375,254.153,145.992,504.38,249.281,131.89,539.755,264.585,-43.6123,465.575,150.66,-46.8786,474.149,176.813,-2.0124,470.869,178.539,-4.24614,461.932,152.845
87.9687,158.786,48.6049,144.149,131.348,31.9333,169.81,289.404,71.7212,121.966,220.197,48.0782,178.302,192.788,44.716,222.99,271.564,66.6405,219.868,379.739,5.52431,253.984,350.124,64.1198,186.231,423.927,160.509,167.408,450.457,192.251,155.011,476.361,224.769,192.624,486.72,221.411,204.491,460.954,186.568,212.879,434.959,158.087,150.393,583.363,254.159,145.993,504.37,249.29,131.89,539.742,264.589,-43.5957,465.551,150.653,-46.8646,474.124,176.808,-2.00045,470.842,178.534,-4.23077,461.91,152.843
88.0265,158.764,48.5904,144.222,131.365,31.9079,169.84,289.421,71.6931,122.019,220.2,48.0488,178.354,192.806,44.726,223.011,271.577,66.6574,219.904,379.729,5.5233,254.024,350.13,64.1298,186.244,423.916,160.517,167.42,450.445,192.262,155.018,476.351,224.782,192.629,486.708,221.425,204.503,460.943,186.585,212.896,434.949,158.103,150.389,583.353,254.166,145.995,504.364,249.298,131.89,539.732,264.594,-43.5779,465.528,150.646,-46.8495,474.099,176.803,-1.98724,470.816,178.53,-4.21407,461.889,152.841
88.0873,158.749,48.5837,144.301,131.389,31.8915,169.876,289.448,71.6666,122.078,220.211,48.0246,178.411,192.831,44.7429,223.039,271.596,66.678,219.946,379.724,5.52264,254.07,350.142,64.1406,186.262,423.909,160.525,167.436,450.436,192.274,155.027,476.344,224.795,192.636,486.7,221.439,204.518,460.937,186.602,212.916,434.944,158.12,150.386,583.347,254.172,145.999,504.36,249.307,131.891,539.726,264.6,-43.5588,465.506,150.64,-46.8331,474.075,176.798,-1.9728,470.792,178.526,-4.19608,461.87,152.839
88.1512,158.743,48.5853,144.385,131.421,31.885,169.916,289.483,71.6422,122.142,220.231,48.0064,178.472,192.864,44.7672,223.073,271.623,66.7027,219.995,379.723,5.52275,254.123,350.161,64.1525,186.284,423.907,160.533,167.454,450.432,192.285,155.038,476.34,224.809,192.646,486.696,221.453,204.535,460.936,186.618,212.94,434.944,158.136,150.383,583.344,254.178,146.004,504.36,249.316,131.892,539.722,264.605,-43.5386,465.485,150.634,-46.8155,474.052,176.794,-1.95714,470.769,178.523,-4.17685,461.851,152.838
88.2187,158.743,48.5958,144.474,131.46,31.889,169.962,289.526,71.6207,122.212,220.259,47.9945,178.54,192.904,44.7993,223.113,271.655,66.732,220.051,379.727,5.52403,254.183,350.185,64.1658,186.31,423.908,160.542,167.476,450.431,192.297,155.052,476.339,224.822,192.657,486.697,221.467,204.556,460.939,186.636,212.969,434.949,158.153,150.38,583.344,254.185,146.01,504.364,249.326,131.894,539.721,264.611,-43.5172,465.465,150.629,-46.7968,474.031,176.79,-1.9403,470.747,178.52,-4.1564,461.834,152.837
88.2899,158.75,48.6153,144.57,131.505,31.9042,170.014,289.577,71.6026,122.289,220.294,47.9895,178.612,192.951,44.8398,223.16,271.694,66.7663,220.114,379.736,5.52687,254.25,350.215,64.1811,186.34,423.914,160.551,167.5,450.433,192.309,155.068,476.342,224.836,192.671,486.702,221.481,204.579,460.948,186.653,213.001,434.958,158.17,150.378,583.347,254.191,146.018,504.37,249.335,131.897,539.723,264.616,-43.4948,465.447,150.624,-46.7769,474.01,176.786,-1.92229,470.727,178.518,-4.13479,461.819,152.837
88.3652,158.763,48.6443,144.672,131.557,31.9309,170.07,289.635,71.5885,122.371,220.335,47.9916,178.691,193.004,44.889,223.213,271.738,66.806,220.184,379.748,5.53162,254.323,350.251,64.1987,186.374,423.924,160.561,167.528,450.44,192.321,155.086,476.348,224.85,192.687,486.711,221.495,204.606,460.96,186.671,213.036,434.973,158.187,150.375,583.353,254.197,146.026,504.38,249.345,131.9,539.729,264.623,-43.4713,465.429,150.62,-46.756,473.991,176.783,-1.90314,470.708,178.516,-4.11206,461.804,152.838
88.4448,158.781,48.6828,144.781,131.615,31.9695,170.131,289.7,71.5791,122.458,220.383,48.0013,178.775,193.063,44.9471,223.273,271.787,66.8514,220.26,379.764,5.53864,254.402,350.292,64.2189,186.412,423.939,160.572,167.558,450.45,192.334,155.106,476.358,224.864,192.705,486.725,221.509,204.635,460.978,186.689,213.076,434.993,158.206,150.373,583.362,254.203,146.036,504.393,249.356,131.905,539.737,264.629,-43.4468,465.413,150.616,-46.7341,473.973,176.78,-1.88288,470.691,178.515,-4.08826,461.791,152.838
88.5289,158.804,48.7309,144.896,131.677,32.0202,170.198,289.77,71.5747,122.552,220.437,48.0187,178.864,193.128,45.0144,223.339,271.841,66.9029,220.343,379.784,5.54822,254.488,350.337,64.242,186.454,423.957,160.584,167.591,450.465,192.348,155.129,476.371,224.879,192.726,486.743,221.523,204.667,461,186.707,213.118,435.018,158.224,150.371,583.374,254.21,146.047,504.409,249.366,131.91,539.748,264.635,-43.4214,465.399,150.613,-46.7112,473.956,176.778,-1.86154,470.676,178.514,-4.06342,461.78,152.84
88.6177,158.831,48.7885,145.018,131.744,32.0829,170.269,289.847,71.5759,122.652,220.496,48.0439,178.96,193.198,45.0908,223.412,271.9,66.9605,220.431,379.807,5.56063,254.58,350.388,64.2683,186.499,423.98,160.597,167.627,450.483,192.362,155.153,476.388,224.894,192.748,486.765,221.537,204.701,461.027,186.727,213.165,435.047,158.244,150.369,583.39,254.216,146.059,504.428,249.377,131.915,539.762,264.642,-43.3951,465.385,150.61,-46.6874,473.941,176.776,-1.83914,470.663,178.514,-4.03761,461.77,152.841
88.7114,158.862,48.8555,145.147,131.815,32.1575,170.345,289.928,71.583,122.758,220.559,48.077,179.061,193.272,45.1764,223.491,271.963,67.0244,220.526,379.834,5.57611,254.677,350.442,64.2979,186.548,424.006,160.611,167.666,450.504,192.377,155.18,476.408,224.91,192.773,486.791,221.551,204.738,461.058,186.746,213.214,435.081,158.264,150.368,583.409,254.222,146.073,504.451,249.389,131.921,539.779,264.649,-43.3679,465.373,150.608,-46.6626,473.927,176.774,-1.81573,470.651,178.515,-4.01087,461.762,152.843
88.81,158.896,48.9317,145.283,131.89,32.2439,170.425,290.013,71.5964,122.869,220.626,48.118,179.167,193.351,45.2709,223.576,272.029,67.0947,220.626,379.863,5.59484,254.779,350.501,64.3312,186.601,424.036,160.626,167.707,450.53,192.393,155.208,476.431,224.926,192.8,486.821,221.566,204.778,461.094,186.767,213.267,435.12,158.285,150.367,583.43,254.228,146.087,504.476,249.4,131.929,539.799,264.656,-43.34,465.363,150.606,-46.637,473.915,176.773,-1.79133,470.641,178.515,-3.98326,461.755,152.846
88.9135,158.932,49.0167,145.425,131.968,32.3415,170.509,290.103,71.6164,122.986,220.697,48.1668,179.279,193.434,45.3742,223.666,272.099,67.1711,220.731,379.895,5.61696,254.887,350.564,64.3681,186.657,424.071,160.643,167.75,450.559,192.41,155.238,476.457,224.942,192.828,486.856,221.58,204.82,461.134,186.788,213.322,435.164,158.307,150.366,583.455,254.234,146.102,504.505,249.412,131.936,539.822,264.663,-43.3113,465.354,150.605,-46.6107,473.904,176.772,-1.76599,470.633,178.517,-3.95483,461.75,152.849
89.0221,158.971,49.1102,145.574,132.049,32.45,170.597,290.196,71.6431,123.108,220.772,48.2232,179.396,193.52,45.4859,223.762,272.172,67.2536,220.841,379.929,5.64255,254.999,350.631,64.4088,186.715,424.109,160.662,167.796,450.591,192.427,155.27,476.486,224.959,192.859,486.894,221.595,204.864,461.178,186.809,213.38,435.211,158.331,150.366,583.483,254.24,146.119,504.536,249.424,131.945,539.848,264.67,-43.282,465.346,150.604,-46.5836,473.895,176.771,-1.73974,470.627,178.519,-3.92564,461.746,152.852
89.1355,159.011,49.2116,145.728,132.132,32.5686,170.689,290.292,71.6767,123.234,220.849,48.2869,179.518,193.609,45.6055,223.864,272.248,67.342,220.956,379.965,5.67164,255.115,350.701,64.4532,186.777,424.151,160.682,167.844,450.627,192.445,155.303,476.519,224.976,192.891,486.937,221.61,204.91,461.226,186.831,213.441,435.263,158.355,150.366,583.513,254.246,146.136,504.571,249.436,131.954,539.877,264.677,-43.2521,465.34,150.603,-46.5557,473.887,176.771,-1.71263,470.623,178.521,-3.89573,461.745,152.855
89.2536,159.053,49.3205,145.889,132.216,32.6967,170.784,290.39,71.7171,123.366,220.928,48.3577,179.645,193.701,45.7325,223.97,272.326,67.4358,221.074,380.004,5.70422,255.235,350.773,64.5013,186.842,424.196,160.704,167.894,450.666,192.464,155.338,476.555,224.994,192.925,486.982,221.625,204.957,461.279,186.854,213.504,435.32,158.38,150.367,583.547,254.251,146.155,504.608,249.449,131.964,539.908,264.684,-43.2216,465.336,150.603,-46.5273,473.882,176.771,-1.68469,470.621,178.524,-3.86519,461.745,152.859
89.3764,159.096,49.4361,146.054,132.303,32.8335,170.881,290.49,71.7643,123.501,221.009,48.4351,179.775,193.795,45.8665,224.081,272.407,67.5349,221.197,380.045,5.74022,255.358,350.849,64.5529,186.909,424.245,160.727,167.946,450.709,192.484,155.375,476.593,225.012,192.961,487.032,221.64,205.007,461.335,186.878,213.57,435.38,158.406,150.368,583.583,254.257,146.174,504.648,249.462,131.974,539.942,264.691,-43.1906,465.333,150.603,-46.4983,473.878,176.771,-1.65598,470.621,178.528,-3.83405,461.747,152.863
89.5034,159.139,49.5579,146.225,132.391,32.9782,170.981,290.592,71.8182,123.64,221.092,48.5186,179.91,193.891,46.0066,224.196,272.49,67.6386,221.322,380.087,5.77951,255.485,350.928,64.608,186.979,424.297,160.752,168,450.755,192.505,155.413,476.635,225.031,192.998,487.085,221.656,205.059,461.395,186.902,213.637,435.444,158.433,150.369,583.622,254.262,146.195,504.691,249.475,131.986,539.979,264.699,-43.1592,465.332,150.604,-46.4687,473.875,176.772,-1.62654,470.623,178.532,-3.80239,461.75,152.868
89.6345,159.184,49.6851,146.4,132.479,33.1298,171.083,290.696,71.8785,123.782,221.176,48.608,180.048,193.989,46.1522,224.315,272.574,67.7465,221.45,380.132,5.82191,255.614,351.009,64.6663,187.05,424.352,160.778,168.055,450.804,192.526,155.452,476.679,225.05,193.037,487.142,221.671,205.112,461.458,186.926,213.706,435.512,158.46,150.371,583.663,254.267,146.216,504.737,249.488,131.998,540.018,264.706,-43.1274,465.333,150.605,-46.4387,473.875,176.773,-1.59643,470.627,178.537,-3.77028,461.755,152.872
89.7691,159.229,49.8172,146.578,132.569,33.2874,171.187,290.8,71.9449,123.927,221.261,48.7025,180.189,194.089,46.3026,224.437,272.66,67.8581,221.58,380.178,5.86721,255.746,351.092,64.7275,187.124,424.411,160.805,168.112,450.856,192.548,155.493,476.726,225.069,193.077,487.202,221.687,205.166,461.526,186.951,213.777,435.583,158.488,150.373,583.708,254.272,146.238,504.785,249.501,132.01,540.06,264.713,-43.0953,465.336,150.607,-46.4083,473.876,176.774,-1.5657,470.633,178.542,-3.73776,461.763,152.877
89.9069,159.275,49.9532,146.759,132.659,33.4501,171.293,290.905,72.0171,124.074,221.348,48.8017,180.332,194.19,46.457,224.562,272.747,67.9728,221.713,380.226,5.91514,255.879,351.177,64.7912,187.2,424.472,160.834,168.17,450.91,192.571,155.535,476.776,225.088,193.119,487.265,221.702,205.222,461.596,186.976,213.849,435.658,158.517,150.376,583.754,254.277,146.261,504.835,249.514,132.024,540.104,264.72,-43.063,465.34,150.608,-46.3775,473.879,176.776,-1.53439,470.641,178.547,-3.70492,461.772,152.882
90.0474,159.322,50.0926,146.943,132.75,33.617,171.399,291.011,72.0947,124.222,221.436,48.905,180.478,194.293,46.6146,224.69,272.835,68.0901,221.847,380.276,5.96539,256.015,351.264,64.8573,187.277,424.536,160.864,168.23,450.968,192.594,155.577,476.828,225.108,193.163,487.33,221.718,205.279,461.67,187.002,213.923,435.737,158.547,150.379,583.803,254.281,146.284,504.888,249.527,132.038,540.15,264.727,-43.0306,465.346,150.611,-46.3464,473.884,176.778,-1.50257,470.652,178.553,-3.67182,461.782,152.887
90.1901,159.37,50.2345,147.128,132.842,33.7871,171.506,291.118,72.177,124.372,221.524,49.0118,180.624,194.396,46.7747,224.82,272.925,68.2092,221.982,380.327,6.01764,256.151,351.353,64.9252,187.356,424.603,160.895,168.29,451.028,192.618,155.621,476.882,225.128,193.207,487.399,221.733,205.337,461.746,187.028,213.998,435.818,158.576,150.383,583.854,254.285,146.309,504.943,249.54,132.053,540.199,264.734,-42.998,465.354,150.613,-46.3151,473.891,176.78,-1.4703,470.664,178.559,-3.63852,461.795,152.892
90.3343,159.42,50.3782,147.313,132.935,33.9595,171.614,291.225,72.2637,124.522,221.614,49.1215,180.772,194.501,46.9364,224.951,273.016,68.3296,222.117,380.38,6.07151,256.289,351.444,64.9946,187.436,424.673,160.927,168.352,451.09,192.642,155.666,476.939,225.147,193.253,487.47,221.748,205.396,461.825,187.054,214.074,435.902,158.606,150.388,583.907,254.289,146.334,505,249.553,132.068,540.249,264.74,-42.9654,465.364,150.616,-46.2836,473.899,176.783,-1.43763,470.678,178.566,-3.60511,461.81,152.898
90.4794,159.473,50.5231,147.499,133.029,34.1333,171.722,291.333,72.3541,124.672,221.706,49.2335,180.92,194.607,47.0989,225.083,273.108,68.4507,222.254,380.435,6.12664,256.427,351.536,65.065,187.518,424.745,160.959,168.414,451.155,192.666,155.712,476.997,225.167,193.299,487.544,221.763,205.456,461.907,187.08,214.15,435.989,158.636,150.393,583.963,254.292,146.36,505.059,249.566,132.084,540.302,264.747,-42.9329,465.376,150.62,-46.252,473.91,176.785,-1.40462,470.695,178.573,-3.57164,461.826,152.903
90.6248,159.527,50.6685,147.683,133.124,34.3077,171.829,291.442,72.4476,124.821,221.799,49.3472,181.067,194.715,47.2616,225.217,273.202,68.5719,222.39,380.492,6.18262,256.566,351.63,65.136,187.6,424.82,160.992,168.478,451.223,192.69,155.758,477.058,225.186,193.347,487.62,221.777,205.517,461.992,187.105,214.228,436.079,158.665,150.399,584.02,254.295,146.386,505.119,249.578,132.101,540.356,264.752,-42.9004,465.389,150.623,-46.2204,473.923,176.788,-1.37135,470.713,178.581,-3.53818,461.844,152.908
90.7697,159.585,50.8137,147.864,133.22,34.4818,171.936,291.552,72.5435,124.969,221.894,49.462,181.214,194.823,47.4237,225.35,273.297,68.6925,222.526,380.551,6.23903,256.705,351.726,65.2071,187.683,424.897,161.025,168.542,451.292,192.714,155.805,477.12,225.205,193.396,487.697,221.791,205.579,462.079,187.131,214.306,436.171,158.695,150.405,584.079,254.298,146.413,505.182,249.59,132.119,540.412,264.758,-42.8682,465.404,150.627,-46.1888,473.937,176.791,-1.33786,470.734,178.589,-3.50482,461.864,152.914
90.9136,159.647,50.9581,148.044,133.318,34.6551,172.043,291.663,72.641,125.115,221.991,49.5775,181.359,194.933,47.5846,225.483,273.393,68.812,222.663,380.613,6.29547,256.844,351.823,65.2779,187.767,424.976,161.058,168.607,451.363,192.737,155.853,477.185,225.224,193.445,487.777,221.805,205.641,462.168,187.156,214.384,436.266,158.723,150.412,584.14,254.3,146.441,505.245,249.602,132.137,540.47,264.763,-42.8362,465.421,150.632,-46.1573,473.953,176.795,-1.30424,470.756,178.597,-3.47161,461.886,152.919
91.0556,159.713,51.1013,148.219,133.417,34.8267,172.148,291.775,72.7396,125.259,222.091,49.693,181.502,195.045,47.7436,225.616,273.491,68.9299,222.798,380.676,6.35151,256.984,351.922,65.3478,187.852,425.057,161.09,168.672,451.436,192.76,155.902,477.25,225.242,193.495,487.859,221.818,205.704,462.259,187.18,214.463,436.363,158.751,150.419,584.202,254.301,146.47,505.311,249.612,132.156,540.529,264.767,-42.8045,465.44,150.636,-46.1259,473.972,176.798,-1.27053,470.781,178.605,-3.43864,461.91,152.925
91.1952,159.784,51.2426,148.389,133.519,34.996,172.253,291.89,72.8385,125.4,222.194,49.8081,181.642,195.158,47.9,225.747,273.591,69.0456,222.933,380.742,6.40673,257.123,352.022,65.4166,187.937,425.139,161.122,168.739,451.511,192.783,155.951,477.317,225.259,193.546,487.942,221.83,205.767,462.351,187.204,214.542,436.462,158.777,150.428,584.265,254.302,146.499,505.377,249.623,132.176,540.59,264.771,-42.7733,465.461,150.641,-46.0948,473.992,176.802,-1.23681,470.808,178.614,-3.40597,461.936,152.93
91.3317,159.86,51.3816,148.555,133.624,35.1625,172.356,292.006,72.937,125.538,222.3,49.9224,181.78,195.274,48.0534,225.878,273.692,69.1586,223.068,380.811,6.46071,257.261,352.124,65.4836,188.023,425.224,161.153,168.805,451.587,192.804,156.001,477.386,225.275,193.598,488.027,221.842,205.831,462.446,187.226,214.622,436.562,158.803,150.436,584.33,254.302,146.528,505.445,249.632,132.196,540.651,264.774,-42.7425,465.484,150.646,-46.0639,474.014,176.806,-1.20314,470.836,178.623,-3.37367,461.963,152.935
91.4644,159.943,51.518,148.714,133.732,35.3256,172.458,292.125,73.0344,125.672,222.41,50.0353,181.914,195.391,48.2033,226.006,273.796,69.2686,223.202,380.883,6.51306,257.4,352.228,65.5486,188.109,425.311,161.183,168.872,451.665,192.825,156.051,477.456,225.291,193.65,488.113,221.853,205.895,462.542,187.248,214.701,436.665,158.827,150.446,584.396,254.302,146.559,505.514,249.641,132.217,540.714,264.777,-42.7122,465.508,150.651,-46.0334,474.038,176.81,-1.1696,470.866,178.632,-3.34182,461.992,152.94
91.5928,160.034,51.6514,148.866,133.843,35.485,172.559,292.246,73.13,125.802,222.525,50.1465,182.044,195.512,48.3492,226.133,273.902,69.375,223.335,380.958,6.56337,257.538,352.334,65.611,188.195,425.399,161.212,168.94,451.744,192.844,156.102,477.526,225.305,193.703,488.2,221.862,205.96,462.639,187.268,214.781,436.769,158.849,150.456,584.463,254.3,146.589,505.583,249.649,132.238,540.778,264.778,-42.6825,465.534,150.657,-46.0033,474.064,176.815,-1.13624,470.899,178.641,-3.31049,462.023,152.944
91.7163,160.131,51.7816,149.011,133.958,35.6402,172.659,292.37,73.2231,125.927,222.644,50.2558,182.169,195.635,48.4907,226.258,274.011,69.4774,223.468,381.036,6.61126,257.675,352.442,65.6704,188.281,425.488,161.239,169.008,451.824,192.862,156.153,477.598,225.318,193.756,488.288,221.871,206.026,462.738,187.287,214.862,436.875,158.87,150.467,584.53,254.298,146.621,505.654,249.656,132.261,540.843,264.779,-42.6535,465.562,150.663,-45.9737,474.092,176.819,-1.10313,470.933,178.65,-3.27974,462.056,152.949
91.8344,160.237,51.9082,149.148,134.078,35.7908,172.758,292.498,73.3132,126.048,222.768,50.3629,182.29,195.761,48.6275,226.381,274.122,69.5756,223.6,381.118,6.65636,257.813,352.553,65.7265,188.368,425.579,161.264,169.076,451.905,192.878,156.205,477.67,225.33,193.81,488.376,221.878,206.091,462.838,187.304,214.942,436.983,158.888,150.478,584.599,254.295,146.653,505.725,249.662,132.283,540.908,264.779,-42.6252,465.591,150.669,-45.9445,474.122,176.824,-1.07035,470.969,178.659,-3.24965,462.091,152.953
91.9469,160.352,52.0313,149.277,134.202,35.9368,172.855,292.63,73.3998,126.164,222.899,50.4674,182.407,195.89,48.7593,226.501,274.237,69.6693,223.732,381.203,6.69833,257.95,352.665,65.7789,188.455,425.672,161.288,169.145,451.988,192.893,156.257,477.743,225.34,193.864,488.466,221.884,206.158,462.938,187.32,215.023,437.092,158.904,150.49,584.668,254.292,146.685,505.796,249.666,132.307,540.974,264.778,-42.5978,465.623,150.675,-45.916,474.153,176.828,-1.03795,471.006,178.668,-3.22028,462.127,152.956
92.0533,160.476,52.1507,149.396,134.331,36.0777,172.952,292.765,73.4822,126.275,223.035,50.5694,182.518,196.023,48.8858,226.618,274.355,69.758,223.863,381.292,6.73684,258.087,352.78,65.8274,188.543,425.765,161.308,169.214,452.071,192.905,156.31,477.817,225.348,193.918,488.556,221.889,206.224,463.04,187.333,215.103,437.202,158.918,150.503,584.737,254.287,146.718,505.868,249.669,132.331,541.04,264.775,-42.5712,465.656,150.681,-45.8882,474.186,176.833,-1.00602,471.046,178.677,-3.1917,462.165,152.96
92.1534,160.61,52.2664,149.507,134.465,36.2136,173.047,292.905,73.5602,126.381,223.178,50.6686,182.624,196.16,49.007,226.733,274.476,69.8416,223.994,381.385,6.77158,258.224,352.897,65.8715,188.631,425.86,161.326,169.284,452.155,192.915,156.363,477.891,225.354,193.973,488.646,221.893,206.292,463.143,187.345,215.185,437.314,158.929,150.516,584.807,254.281,146.751,505.94,249.671,132.356,541.107,264.772,-42.5455,465.69,150.688,-45.861,474.221,176.838,-0.974598,471.087,178.685,-3.16398,462.204,152.963
92.2472,160.753,52.3785,149.609,134.605,36.3443,173.142,293.05,73.6332,126.481,223.327,50.7649,182.725,196.3,49.1225,226.846,274.601,69.9198,224.125,381.482,6.80226,258.362,353.018,65.911,188.719,425.956,161.341,169.355,452.24,192.923,156.417,477.966,225.359,194.028,488.737,221.895,206.36,463.246,187.354,215.266,437.426,158.938,150.53,584.877,254.274,146.785,506.012,249.672,132.381,541.174,264.768,-42.5209,465.727,150.694,-45.8346,474.258,176.843,-0.94377,471.13,178.694,-3.13718,462.246,152.965
92.3344,160.907,52.487,149.702,134.751,36.4698,173.237,293.2,73.701,126.577,223.484,50.8585,182.821,196.446,49.2325,226.956,274.73,69.9925,224.257,381.584,6.82864,258.5,353.141,65.9456,188.807,426.053,161.353,169.426,452.325,192.928,156.472,478.04,225.361,194.083,488.829,221.895,206.428,463.35,187.361,215.349,437.54,158.943,150.545,584.948,254.266,146.82,506.085,249.67,132.407,541.242,264.762,-42.4973,465.764,150.701,-45.8091,474.297,176.848,-0.913596,471.174,178.702,-3.11136,462.289,152.967
92.4153,161.071,52.5922,149.786,134.904,36.5901,173.331,293.355,73.7633,126.668,223.648,50.9491,182.912,196.595,49.3367,227.064,274.864,70.0596,224.388,381.691,6.85046,258.639,353.267,65.9751,188.897,426.152,161.361,169.498,452.411,192.93,156.527,478.115,225.361,194.139,488.92,221.893,206.498,463.455,187.366,215.432,437.655,158.946,150.56,585.018,254.258,146.855,506.157,249.667,132.433,541.309,264.755,-42.4748,465.804,150.708,-45.7844,474.337,176.853,-0.884142,471.22,178.71,-3.08658,462.333,152.969
92.4899,161.247,52.6941,149.862,135.063,36.7054,173.426,293.515,73.8198,126.754,223.819,51.037,182.999,196.75,49.4354,227.171,275.002,70.1207,224.521,381.802,6.86752,258.779,353.397,65.9992,188.987,426.251,161.366,169.571,452.497,192.929,156.582,478.19,225.358,194.195,489.012,221.89,206.568,463.56,187.368,215.515,437.771,158.945,150.575,585.088,254.247,146.89,506.229,249.662,132.46,541.376,264.746,-42.4535,465.844,150.715,-45.7607,474.378,176.858,-0.855472,471.267,178.717,-3.0629,462.379,152.97
92.5586,161.433,52.793,149.928,135.228,36.8157,173.521,293.682,73.8705,126.836,223.999,51.1222,183.081,196.91,49.5283,227.276,275.144,70.176,224.655,381.918,6.87962,258.92,353.53,66.0178,189.077,426.351,161.367,169.644,452.584,192.925,156.639,478.265,225.353,194.251,489.104,221.885,206.64,463.666,187.367,215.6,437.888,158.941,150.591,585.158,254.236,146.926,506.301,249.655,132.487,541.443,264.737,-42.4334,465.886,150.722,-45.738,474.421,176.863,-0.827651,471.316,178.725,-3.04039,462.426,152.97
92.6216,161.629,52.8893,149.987,135.401,36.9212,173.617,293.854,73.9151,126.914,224.186,51.2048,183.158,197.075,49.6158,227.379,275.292,70.2252,224.791,382.039,6.88658,259.064,353.667,66.0308,189.169,426.452,161.364,169.719,452.671,192.918,156.696,478.34,225.345,194.307,489.196,221.878,206.712,463.772,187.364,215.686,438.006,158.933,150.607,585.228,254.223,146.963,506.372,249.647,132.515,541.51,264.725,-42.4145,465.93,150.729,-45.7163,474.466,176.868,-0.800742,471.366,178.731,-3.01908,462.475,152.97
92.6795,161.837,52.9831,150.039,135.58,37.0222,173.715,294.032,73.9538,126.989,224.381,51.2848,183.233,197.245,49.6978,227.482,275.444,70.2684,224.928,382.166,6.88826,259.209,353.807,66.0379,189.262,426.555,161.356,169.795,452.758,192.907,156.754,478.415,225.334,194.364,489.288,221.869,206.786,463.879,187.357,215.773,438.125,158.922,150.624,585.297,254.209,147,506.444,249.636,132.543,541.577,264.712,-42.3971,465.975,150.736,-45.6957,474.512,176.873,-0.774805,471.417,178.737,-2.99903,462.525,152.969
92.7328,162.055,53.0748,150.085,135.767,37.1189,173.815,294.216,73.9863,127.061,224.584,51.3625,183.304,197.421,49.7746,227.585,275.602,70.3054,225.068,382.297,6.8845,259.358,353.952,66.039,189.357,426.658,161.345,169.873,452.845,192.893,156.812,478.49,225.32,194.421,489.38,221.858,206.861,463.986,187.348,215.862,438.246,158.907,150.641,585.366,254.193,147.037,506.514,249.623,132.571,541.643,264.698,-42.3809,466.021,150.743,-45.6763,474.559,176.878,-0.749902,471.47,178.743,-2.9803,462.577,152.967
92.7824,162.284,53.1648,150.124,135.962,37.2115,173.917,294.406,74.0128,127.131,224.796,51.438,183.374,197.603,49.8462,227.688,275.765,70.3364,225.211,382.435,6.87519,259.509,354.101,66.0341,189.453,426.762,161.328,169.952,452.933,192.874,156.872,478.564,225.303,194.478,489.472,221.845,206.937,464.094,187.335,215.953,438.367,158.889,150.658,585.435,254.177,147.075,506.585,249.608,132.6,541.708,264.682,-42.3662,466.068,150.75,-45.658,474.608,176.883,-0.726092,471.524,178.748,-2.96292,462.63,152.965
92.8289,162.524,53.2533,150.159,136.163,37.3003,174.022,294.603,74.0332,127.199,225.015,51.5114,183.442,197.79,49.913,227.792,275.933,70.3612,225.357,382.578,6.86021,259.664,354.255,66.0231,189.551,426.867,161.307,170.032,453.021,192.852,156.933,478.638,225.283,194.536,489.564,221.829,207.015,464.202,187.319,216.045,438.49,158.867,150.676,585.503,254.158,147.113,506.654,249.59,132.629,541.773,264.664,-42.353,466.116,150.758,-45.641,474.657,176.887,-0.703431,471.579,178.752,-2.94693,462.684,152.962
92.8733,162.774,53.3408,150.19,136.373,37.3856,174.131,294.807,74.0478,127.267,225.243,51.5828,183.509,197.984,49.975,227.899,276.107,70.3799,225.507,382.727,6.83948,259.824,354.414,66.0058,189.651,426.974,161.281,170.115,453.11,192.826,156.994,478.713,225.26,194.595,489.656,221.812,207.095,464.311,187.3,216.14,438.614,158.841,150.693,585.57,254.138,147.152,506.723,249.571,132.658,541.838,264.644,-42.3412,466.166,150.765,-45.6252,474.708,176.892,-0.681975,471.635,178.756,-2.93239,462.74,152.958
92.9167,163.033,53.4274,150.219,136.59,37.4676,174.244,295.017,74.0564,127.336,225.479,51.6523,183.577,198.183,50.0325,228.008,276.286,70.3926,225.661,382.882,6.8129,259.989,354.578,65.9824,189.754,427.081,161.251,170.199,453.198,192.796,157.057,478.787,225.233,194.654,489.749,221.792,207.178,464.421,187.278,216.238,438.74,158.811,150.71,585.637,254.117,147.192,506.792,249.548,132.687,541.902,264.623,-42.331,466.216,150.772,-45.6107,474.76,176.897,-0.661777,471.692,178.758,-2.91931,462.796,152.954
92.9603,163.302,53.5136,150.247,136.814,37.5468,174.363,295.233,74.0594,127.406,225.723,51.7202,183.646,198.39,50.0858,228.121,276.472,70.3992,225.821,383.042,6.78041,260.158,354.747,65.9527,189.86,427.19,161.215,170.286,453.287,192.761,157.122,478.86,225.203,194.714,489.842,221.77,207.262,464.532,187.252,216.338,438.867,158.777,150.728,585.703,254.094,147.231,506.86,249.524,132.717,541.965,264.6,-42.3223,466.267,150.779,-45.5976,474.813,176.902,-0.642887,471.75,178.76,-2.90775,462.854,152.949
93.0052,163.581,53.5997,150.276,137.047,37.6233,174.487,295.456,74.0567,127.478,225.975,51.7865,183.718,198.602,50.135,228.239,276.663,70.4,225.986,383.209,6.74194,260.335,354.922,65.9168,189.969,427.299,161.174,170.376,453.376,192.723,157.187,478.934,225.169,194.775,489.936,221.746,207.349,464.643,187.224,216.442,438.996,158.74,150.745,585.768,254.069,147.272,506.927,249.497,132.746,542.027,264.575,-42.3152,466.319,150.786,-45.5858,474.867,176.906,-0.625354,471.809,178.762,-2.89771,462.913,152.943
93.053,163.868,53.6859,150.307,137.286,37.6974,174.618,295.686,74.0486,127.555,226.234,51.8513,183.793,198.821,50.1804,228.363,276.861,70.3948,226.157,383.382,6.69745,260.517,355.103,65.8747,190.081,427.411,161.128,170.468,453.466,192.68,157.254,479.007,225.132,194.837,490.03,221.719,207.438,464.756,187.191,216.549,439.127,158.698,150.762,585.833,254.043,147.312,506.994,249.467,132.776,542.089,264.549,-42.3097,466.372,150.793,-45.5754,474.922,176.911,-0.609222,471.868,178.762,-2.88923,462.972,152.936
93.1051,164.164,53.7726,150.341,137.534,37.7694,174.757,295.923,74.0352,127.636,226.501,51.9147,183.874,199.046,50.2222,228.494,277.065,70.3839,226.335,383.561,6.64689,260.708,355.29,65.8264,190.198,427.523,161.078,170.563,453.556,192.633,157.323,479.08,225.091,194.9,490.125,221.69,207.531,464.87,187.156,216.66,439.26,158.653,150.779,585.897,254.016,147.354,507.06,249.435,132.805,542.15,264.52,-42.3059,466.425,150.8,-45.5664,474.978,176.915,-0.594534,471.928,178.762,-2.88232,463.033,152.929
93.1631,164.468,53.86,150.381,137.789,37.8396,174.905,296.166,74.0167,127.724,226.776,51.9768,183.962,199.279,50.2606,228.633,277.276,70.3675,226.521,383.746,6.59025,260.906,355.483,65.7722,190.319,427.638,161.022,170.662,453.647,192.581,157.393,479.154,225.047,194.964,490.22,221.659,207.626,464.986,187.117,216.775,439.395,158.604,150.795,585.96,253.986,147.395,507.126,249.4,132.835,542.211,264.49,-42.3036,466.48,150.807,-45.5589,475.034,176.92,-0.581328,471.989,178.76,-2.87701,463.095,152.92
93.2288,164.779,53.9484,150.429,138.052,37.9082,175.061,296.416,73.9932,127.82,227.057,52.0377,184.058,199.518,50.2959,228.782,277.494,70.3456,226.714,383.938,6.52751,261.114,355.684,65.7119,190.444,427.754,160.961,170.764,453.738,192.526,157.465,479.227,224.999,195.03,490.317,221.626,207.725,465.103,187.075,216.895,439.533,158.551,150.81,586.023,253.955,147.437,507.191,249.363,132.864,542.271,264.458,-42.3031,466.534,150.814,-45.5528,475.091,176.924,-0.569638,472.05,178.758,-2.8733,463.157,152.911
93.304,165.097,54.0381,150.487,138.322,37.9754,175.229,296.672,73.9649,127.926,227.346,52.0974,184.163,199.763,50.3283,228.942,277.718,70.3184,226.916,384.136,6.45869,261.331,355.892,65.6459,190.575,427.872,160.895,170.869,453.83,192.466,157.539,479.3,224.948,195.097,490.415,221.59,207.827,465.223,187.03,217.02,439.674,158.495,150.825,586.086,253.923,147.48,507.256,249.324,132.893,542.33,264.425,-42.3041,466.589,150.821,-45.5482,475.148,176.928,-0.559497,472.112,178.755,-2.8712,463.22,152.901
93.3905,165.422,54.1293,150.556,138.6,38.0414,175.408,296.935,73.9321,128.043,227.641,52.1561,184.28,200.016,50.358,229.113,277.95,70.2862,227.128,384.341,6.38379,261.558,356.108,65.5742,190.711,427.992,160.824,170.979,453.923,192.402,157.615,479.374,224.893,195.166,490.514,221.552,207.933,465.344,186.982,217.151,439.818,158.435,150.839,586.147,253.889,147.523,507.321,249.282,132.922,542.388,264.389,-42.3069,466.645,150.828,-45.5451,475.206,176.932,-0.55093,472.174,178.751,-2.87071,463.284,152.89
93.4904,165.752,54.2223,150.639,138.885,38.1064,175.6,297.205,73.8949,128.172,227.943,52.2138,184.411,200.275,50.3853,229.299,278.189,70.2492,227.349,384.552,6.30285,261.797,356.331,65.4971,190.853,428.115,160.749,171.093,454.018,192.334,157.693,479.448,224.834,195.237,490.616,221.512,208.043,465.468,186.931,217.287,439.966,158.371,150.852,586.208,253.853,147.567,507.385,249.237,132.95,542.446,264.352,-42.3112,466.7,150.835,-45.5434,475.264,176.936,-0.543961,472.236,178.747,-2.87182,463.349,152.878
93.6056,166.088,54.3173,150.739,139.177,38.1707,175.805,297.482,73.8535,128.316,228.251,52.2706,184.556,200.542,50.4103,229.5,278.436,70.2077,227.581,384.77,6.21592,262.048,356.564,65.4147,191.002,428.24,160.669,171.211,454.113,192.262,157.773,479.523,224.773,195.31,490.719,221.471,208.157,465.595,186.877,217.429,440.117,158.305,150.864,586.269,253.816,147.61,507.449,249.19,132.978,542.503,264.314,-42.3172,466.756,150.841,-45.5432,475.322,176.939,-0.538606,472.299,178.741,-2.87454,463.414,152.866
93.7384,166.428,54.4146,150.856,139.477,38.2344,176.026,297.765,73.8083,128.476,228.565,52.3267,184.718,200.815,50.4333,229.717,278.691,70.1621,227.824,384.995,6.12307,262.311,356.805,65.3274,191.158,428.368,160.584,171.334,454.21,192.186,157.856,479.598,224.707,195.384,490.824,221.427,208.276,465.725,186.82,217.577,440.273,158.235,150.875,586.329,253.777,147.655,507.513,249.141,133.006,542.56,264.273,-42.3249,466.812,150.848,-45.5445,475.381,176.943,-0.53488,472.362,178.734,-2.87885,463.479,152.853
93.891,166.773,54.5144,150.995,139.783,38.2976,176.263,298.055,73.7595,128.654,228.884,52.3821,184.899,201.096,50.4544,229.952,278.954,70.1126,228.079,385.226,6.02439,262.588,357.055,65.2353,191.321,428.499,160.496,171.462,454.309,192.106,157.941,479.674,224.639,195.461,490.932,221.381,208.399,465.859,186.761,217.732,440.433,158.162,150.885,586.39,253.737,147.7,507.578,249.089,133.032,542.617,264.231,-42.3341,466.868,150.855,-45.5473,475.44,176.947,-0.53279,472.424,178.727,-2.88473,463.545,152.839
94.0654,167.121,54.6171,151.157,140.097,38.3605,176.518,298.352,73.7074,128.852,229.208,52.4369,185.1,201.384,50.474,230.207,279.226,70.0598,228.347,385.464,5.91997,262.879,357.315,65.1389,191.492,428.634,160.403,171.595,454.41,192.023,158.028,479.751,224.568,195.541,491.043,221.334,208.527,465.996,186.7,217.895,440.598,158.086,150.893,586.45,253.695,147.745,507.642,249.036,133.059,542.673,264.188,-42.3449,466.924,150.861,-45.5515,475.498,176.95,-0.53234,472.487,178.719,-2.89216,463.612,152.824
94.2641,167.472,54.7227,151.345,140.417,38.4234,176.791,298.655,73.6523,129.072,229.537,52.4914,185.324,201.678,50.4922,230.483,279.507,70.004,228.627,385.709,5.80994,263.185,357.585,65.0386,191.671,428.772,160.307,171.734,454.512,191.937,158.118,479.829,224.493,195.623,491.157,221.285,208.66,466.137,186.636,218.065,440.768,158.008,150.9,586.51,253.652,147.791,507.707,248.98,133.084,542.73,264.143,-42.3573,466.98,150.868,-45.5572,475.557,176.953,-0.533526,472.55,178.71,-2.9011,463.678,152.809
94.4892,167.825,54.8317,151.561,140.744,38.4863,177.084,298.965,73.5946,129.315,229.871,52.5457,185.572,201.98,50.5093,230.781,279.798,69.9457,228.921,385.961,5.69442,263.507,357.867,64.9346,191.859,428.914,160.207,171.879,454.617,191.848,158.212,479.909,224.416,195.708,491.275,221.235,208.799,466.283,186.571,218.243,440.945,157.928,150.905,586.57,253.608,147.837,507.772,248.922,133.109,542.786,264.097,-42.3712,467.036,150.874,-45.5643,475.615,176.957,-0.53634,472.612,178.7,-2.91154,463.745,152.792
94.743,168.179,54.9441,151.807,141.077,38.5494,177.399,299.282,73.5348,129.584,230.209,52.5999,185.848,202.29,50.5255,231.104,280.098,69.8855,229.228,386.22,5.57357,263.846,358.159,64.8275,192.055,429.06,160.104,172.029,454.725,191.756,158.307,479.99,224.337,195.795,491.396,221.184,208.943,466.434,186.504,218.429,441.127,157.846,150.908,586.63,253.562,147.883,507.838,248.863,133.132,542.842,264.05,-42.3866,467.091,150.88,-45.5728,475.673,176.96,-0.54077,472.674,178.69,-2.92342,463.813,152.775
95.0278,168.535,55.0603,152.086,141.416,38.6129,177.736,299.605,73.4732,129.879,230.551,52.6544,186.151,202.606,50.541,231.452,280.409,69.8239,229.55,386.486,5.44757,264.202,358.463,64.7179,192.262,429.211,159.999,172.186,454.836,191.661,158.406,480.073,224.255,195.886,491.522,221.131,209.092,466.59,186.436,218.624,441.316,157.761,150.909,586.691,253.515,147.93,507.905,248.802,133.155,542.899,264.001,-42.4035,467.146,150.887,-45.5826,475.731,176.963,-0.546796,472.736,178.679,-2.93671,463.88,152.758
95.3459,168.891,55.1803,152.401,141.761,38.6769,178.096,299.934,73.4104,130.204,230.896,52.7092,186.485,202.929,50.5561,231.827,280.73,69.7614,229.886,386.758,5.31661,264.576,358.779,64.6061,192.478,429.368,159.891,172.349,454.95,191.564,158.508,480.159,224.17,195.979,491.652,221.078,209.248,466.752,186.366,218.827,441.513,157.676,150.909,586.753,253.467,147.978,507.973,248.739,133.177,542.956,263.952,-42.4217,467.201,150.893,-45.5938,475.788,176.966,-0.554394,472.798,178.667,-2.95136,463.947,152.74
95.6994,169.246,55.3045,152.753,142.111,38.7416,178.482,300.27,73.3469,130.56,231.243,52.7646,186.851,203.26,50.571,232.23,281.062,69.6988,230.237,387.038,5.18091,264.969,359.109,64.4928,192.704,429.529,159.781,172.519,455.067,191.466,158.614,480.246,224.084,196.076,491.787,221.024,209.409,466.92,186.296,219.04,441.717,157.589,150.906,586.815,253.418,148.025,508.042,248.675,133.198,543.013,263.902,-42.4413,467.255,150.899,-45.6063,475.845,176.969,-0.563532,472.859,178.655,-2.96731,464.015,152.721
96.0906,169.601,55.4329,153.145,142.467,38.8072,178.893,300.612,73.2833,130.948,231.594,52.8209,187.252,203.598,50.5859,232.663,281.406,69.6366,230.604,387.324,5.04071,265.381,359.451,64.3786,192.941,429.696,159.67,172.696,455.189,191.366,158.722,480.336,223.996,196.175,491.928,220.969,209.576,467.095,186.225,219.262,441.929,157.502,150.9,586.878,253.368,148.073,508.113,248.609,133.217,543.071,263.85,-42.4622,467.308,150.906,-45.6201,475.901,176.971,-0.574175,472.919,178.643,-2.98451,464.082,152.702
96.5217,169.953,55.5657,153.58,142.827,38.8737,179.331,300.96,73.2202,131.37,231.946,52.8783,187.689,203.942,50.6012,233.127,281.761,69.5755,230.985,387.618,4.89626,265.813,359.807,64.2642,193.189,429.869,159.558,172.879,455.314,191.264,158.834,480.428,223.906,196.278,492.074,220.915,209.75,467.276,186.154,219.493,442.149,157.414,150.892,586.942,253.317,148.122,508.185,248.543,133.235,543.13,263.798,-42.4843,467.361,150.912,-45.635,475.957,176.974,-0.586282,472.979,178.63,-3.00289,464.15,152.682
96.9946,170.303,55.7029,154.059,143.192,38.9414,179.798,301.314,73.1583,131.829,232.3,52.937,188.163,204.294,50.6171,233.623,282.128,69.5163,231.381,387.918,4.74786,266.266,360.178,64.1502,193.448,430.049,159.444,173.07,455.444,191.162,158.949,480.524,223.815,196.385,492.226,220.86,209.93,467.465,186.083,219.735,442.379,157.326,150.882,587.008,253.266,148.171,508.259,248.476,133.252,543.19,263.746,-42.5075,467.413,150.918,-45.6512,476.012,176.977,-0.599804,473.038,178.617,-3.02238,464.217,152.662
97.5115,170.649,55.8445,154.584,143.56,39.0104,180.293,301.674,73.0983,132.325,232.654,52.9973,188.677,204.653,50.6338,234.152,282.508,69.4595,231.793,388.226,4.59583,266.74,360.563,64.0373,193.718,430.235,159.331,173.268,455.578,191.059,159.068,480.623,223.724,196.494,492.384,220.806,210.116,467.662,186.012,219.986,442.617,157.238,150.869,587.075,253.214,148.22,508.335,248.408,133.268,543.251,263.693,-42.5319,467.464,150.925,-45.6684,476.066,176.979,-0.614689,473.096,178.603,-3.04292,464.284,152.641
98.0741,170.991,55.9905,155.158,143.932,39.0809,180.818,302.039,73.041,132.859,233.009,53.0595,189.232,205.018,50.6515,234.715,282.9,69.406,232.219,388.54,4.44051,267.235,360.964,63.9263,194.001,430.428,159.219,173.473,455.717,190.957,159.19,480.725,223.631,196.607,492.549,220.752,210.309,467.867,185.943,220.248,442.866,157.152,150.853,587.143,253.161,148.269,508.413,248.34,133.282,543.313,263.64,-42.5572,467.515,150.931,-45.6867,476.119,176.982,-0.630879,473.153,178.59,-3.06442,464.351,152.62
98.6845,171.329,56.1408,155.782,144.307,39.153,181.374,302.41,72.987,133.435,233.364,53.1237,189.83,205.39,50.6706,235.313,283.305,69.3563,232.661,388.861,4.28228,267.752,361.38,63.8179,194.295,430.629,159.107,173.685,455.861,190.854,159.316,480.831,223.539,196.724,492.721,220.699,210.508,468.081,185.874,220.52,443.125,157.066,150.834,587.214,253.108,148.319,508.494,248.271,133.294,543.377,263.587,-42.5835,467.564,150.937,-45.7059,476.171,176.985,-0.648311,473.209,178.576,-3.08681,464.417,152.599
99.3443,171.66,56.2953,156.459,144.684,39.2267,181.961,302.786,72.9373,134.052,233.718,53.1902,190.472,205.768,50.6912,235.947,283.723,69.3112,233.118,389.19,4.12156,268.292,361.813,63.7129,194.601,430.838,158.997,173.905,456.011,190.753,159.445,480.94,223.446,196.844,492.9,220.647,210.714,468.303,185.808,220.802,443.394,156.983,150.813,587.286,253.054,148.369,508.577,248.202,133.305,543.443,263.534,-42.6106,467.613,150.944,-45.7261,476.222,176.987,-0.666917,473.265,178.562,-3.10999,464.483,152.577
100.055,171.985,56.4538,157.189,145.062,39.3023,182.581,303.167,72.8925,134.712,234.071,53.2592,191.159,206.153,50.7136,236.617,284.154,69.2713,233.589,389.525,3.95881,268.853,362.262,63.6121,194.919,431.054,158.888,174.133,456.167,190.653,159.578,481.054,223.354,196.967,493.087,220.597,210.927,468.535,185.743,221.094,443.675,156.901,150.788,587.361,253.001,148.419,508.663,248.134,133.314,543.51,263.481,-42.6385,467.66,150.951,-45.7471,476.272,176.99,-0.686624,473.319,178.549,-3.13389,464.549,152.556
100.818,172.302,56.6161,157.974,145.442,39.3799,183.232,303.552,72.8534,135.416,234.421,53.3309,191.892,206.544,50.7381,237.323,284.598,69.2373,234.074,389.867,3.79451,269.437,362.727,63.5163,195.25,431.279,158.783,174.368,456.329,190.554,159.715,481.173,223.262,197.094,493.282,220.548,211.145,468.776,185.681,221.397,443.966,156.823,150.76,587.437,252.947,148.47,508.752,248.066,133.322,543.579,263.428,-42.6671,467.706,150.957,-45.7689,476.321,176.992,-0.707356,473.372,178.535,-3.1584,464.614,152.534
101.636,172.611,56.7819,158.817,145.823,39.4595,183.917,303.941,72.821,136.164,234.769,53.4054,192.673,206.941,50.7649,238.067,285.056,69.2099,234.573,390.217,3.62922,270.042,363.209,63.4261,195.592,431.513,158.68,174.611,456.497,190.458,159.855,481.295,223.172,197.224,493.485,220.501,211.371,469.027,185.622,221.711,444.27,156.747,150.728,587.517,252.894,148.521,508.844,247.999,133.328,543.65,263.376,-42.6963,467.752,150.964,-45.7914,476.369,176.995,-0.72903,473.424,178.522,-3.18343,464.679,152.512
102.508,172.911,56.9509,159.717,146.204,39.5413,184.634,304.335,72.796,136.959,235.114,53.483,193.503,207.343,50.7942,238.847,285.527,69.1896,235.085,390.573,3.46353,270.67,363.709,63.3425,195.947,431.756,158.581,174.861,456.671,190.364,159.999,481.423,223.083,197.357,493.696,220.457,211.603,469.289,185.566,222.034,444.585,156.675,150.694,587.599,252.84,148.572,508.939,247.932,133.332,543.724,263.325,-42.7259,467.796,150.971,-45.8145,476.415,176.998,-0.751561,473.475,178.51,-3.20888,464.743,152.49
103.436,173.2,57.1228,160.677,146.585,39.6254,185.385,304.731,72.7791,137.8,235.454,53.5638,194.381,207.751,50.8263,239.664,286.012,69.1769,235.611,390.938,3.29807,271.32,364.226,63.2662,196.314,432.007,158.487,175.119,456.852,190.274,160.146,481.555,222.995,197.494,493.916,220.415,211.841,469.56,185.513,222.368,444.912,156.607,150.656,587.684,252.787,148.623,509.038,247.867,133.334,543.8,263.275,-42.7559,467.838,150.978,-45.8381,476.46,177,-0.774863,473.524,178.497,-3.23465,464.807,152.468
104.422,173.479,57.2972,161.696,146.965,39.7119,186.169,305.131,72.7712,138.688,235.79,53.6479,195.31,208.164,50.8614,240.519,286.509,69.1723,236.149,391.309,3.13351,271.992,364.76,63.1979,196.694,432.268,158.397,175.385,457.04,190.187,160.298,481.693,222.91,197.633,494.145,220.376,212.085,469.843,185.465,222.712,445.251,156.544,150.614,587.772,252.735,148.674,509.141,247.803,133.334,543.879,263.225,-42.7863,467.88,150.986,-45.8621,476.504,177.003,-0.798843,473.572,178.486,-3.26064,464.87,152.446
105.465,173.746,57.4738,162.777,147.344,39.8008,186.986,305.534,72.7729,139.623,236.121,53.7356,196.288,208.582,50.8998,241.409,287.02,69.1764,236.7,391.688,2.97058,272.685,365.311,63.1384,197.085,432.539,158.313,175.657,457.235,190.104,160.452,481.836,222.827,197.776,494.382,220.341,212.335,470.136,185.421,223.066,445.603,156.486,150.569,587.863,252.683,148.725,509.247,247.741,133.333,543.96,263.176,-42.8167,467.92,150.993,-45.8865,476.547,177.006,-0.823406,473.619,178.475,-3.28673,464.933,152.424
106.566,174.001,57.6521,163.918,147.721,39.8924,187.836,305.938,72.7851,140.605,236.446,53.8268,197.317,209.005,50.9418,242.336,287.544,69.1894,237.262,392.075,2.81003,273.399,365.88,63.0884,197.488,432.819,158.235,175.937,457.438,190.025,160.61,481.984,222.746,197.921,494.629,220.308,212.591,470.44,185.382,223.429,445.968,156.434,150.521,587.958,252.632,148.777,509.358,247.68,133.329,544.045,263.129,-42.8473,467.959,151.001,-45.9112,476.588,177.009,-0.848458,473.664,178.464,-3.31281,464.995,152.402
107.726,174.243,57.8318,165.122,148.097,39.9868,188.719,306.345,72.8082,141.635,236.764,53.9218,198.396,209.433,50.9877,243.297,288.08,69.2118,237.836,392.47,2.65264,274.133,366.467,63.0486,197.902,433.109,158.163,176.224,457.647,189.952,160.771,482.138,222.669,198.069,494.884,220.28,212.853,470.755,185.348,223.802,446.345,156.387,150.468,588.056,252.582,148.828,509.472,247.622,133.324,544.132,263.083,-42.8778,467.997,151.009,-45.936,476.628,177.012,-0.873898,473.708,178.455,-3.33878,465.056,152.381
108.945,174.471,58.0125,166.387,148.47,40.084,189.633,306.753,72.843,142.712,237.076,54.0207,199.525,209.865,51.0377,244.293,288.628,69.2438,238.42,392.873,2.4992,274.887,367.07,63.0195,198.328,433.408,158.098,176.517,457.865,189.883,160.936,482.297,222.595,198.219,495.149,220.255,213.121,471.082,185.32,224.184,446.735,156.347,150.413,588.157,252.533,148.879,509.591,247.565,133.316,544.223,263.039,-42.9082,468.033,151.017,-45.9609,476.666,177.015,-0.899629,473.75,178.447,-3.36453,465.116,152.36
110.221,174.686,58.194,167.714,148.842,40.1845,190.58,307.162,72.89,143.835,237.38,54.1236,200.704,210.301,51.0921,245.322,289.189,69.2857,239.015,393.284,2.35053,275.66,367.69,63.0018,198.764,433.718,158.04,176.818,458.089,189.82,161.104,482.463,222.524,198.372,495.423,220.235,213.393,471.419,185.298,224.575,447.138,156.314,150.354,588.262,252.485,148.931,509.714,247.511,133.307,544.316,262.997,-42.9384,468.067,151.025,-45.9858,476.703,177.019,-0.925548,473.79,178.439,-3.38993,465.176,152.339
111.556,174.885,58.3759,169.103,149.211,40.2883,191.556,307.572,72.9496,145.005,237.676,54.2306,201.933,210.742,51.1514,246.383,289.761,69.3375,239.62,393.703,2.20742,276.452,368.327,62.9961,199.211,434.037,157.99,177.125,458.321,189.763,161.275,482.634,222.458,198.527,495.707,220.219,213.671,471.768,185.282,224.975,447.553,156.288,150.291,588.371,252.438,148.982,509.842,247.46,133.296,544.413,262.956,-42.9681,468.101,151.034,-46.0105,476.738,177.022,-0.951555,473.829,178.432,-3.41489,465.235,152.318
112.949,175.07,58.5579,170.552,149.577,40.3957,192.563,307.982,73.0222,146.221,237.965,54.342,203.21,211.186,51.2159,247.474,290.345,69.3993,240.234,394.132,2.07069,277.26,368.98,63.0029,199.669,434.367,157.948,177.438,458.561,189.713,161.449,482.811,222.396,198.684,495.999,220.208,213.954,472.127,185.272,225.382,447.98,156.269,150.225,588.484,252.393,149.033,509.974,247.412,133.282,544.514,262.917,-42.9974,468.133,151.043,-46.035,476.772,177.026,-0.977546,473.866,178.427,-3.43927,465.293,152.298
114.398,175.239,58.7399,172.062,149.942,40.507,193.599,308.392,73.1083,147.481,238.245,54.4578,204.535,211.633,51.2858,248.595,290.939,69.4713,240.857,394.568,1.94111,278.085,369.65,63.0226,200.136,434.706,157.915,177.757,458.808,189.669,161.626,482.993,222.338,198.843,496.301,220.202,214.241,472.498,185.269,225.797,448.42,156.259,150.155,588.601,252.349,149.084,510.11,247.366,133.267,544.618,262.881,-43.0261,468.163,151.052,-46.0592,476.804,177.03,-1.00342,473.902,178.423,-3.46297,465.35,152.279
115.902,175.393,58.9218,173.631,150.304,40.6226,194.663,308.802,73.208,148.785,238.516,54.5783,205.907,212.085,51.3617,249.743,291.543,69.5532,241.488,395.014,1.81946,278.926,370.335,63.0556,200.613,435.054,157.892,178.082,459.063,189.632,161.806,483.182,222.285,199.004,496.612,220.202,214.533,472.879,185.274,226.22,448.872,156.257,150.082,588.721,252.307,149.135,510.251,247.324,133.25,544.725,262.846,-43.0541,468.192,151.061,-46.0829,476.835,177.034,-1.02908,473.935,178.42,-3.48587,465.407,152.26
117.461,175.532,59.1034,175.258,150.664,40.7428,195.753,309.212,73.3215,150.13,238.779,54.7037,207.324,212.54,51.4439,250.916,292.158,69.6451,242.128,395.469,1.70646,279.782,371.035,63.1024,201.098,435.412,157.877,178.413,459.325,189.602,161.989,483.377,222.237,199.166,496.931,220.206,214.828,473.271,185.286,226.649,449.336,156.263,150.005,588.846,252.266,149.186,510.397,247.285,133.231,544.836,262.814,-43.0813,468.22,151.071,-46.1061,476.864,177.039,-1.05442,473.967,178.419,-3.50786,465.463,152.242
119.073,175.656,59.2849,176.941,151.022,40.8681,196.87,309.622,73.4488,151.517,239.033,54.8341,208.786,212.998,51.5329,252.113,292.781,69.7467,242.774,395.932,1.60282,280.652,371.75,63.1632,201.592,435.78,157.872,178.748,459.594,189.58,162.174,483.577,222.195,199.329,497.26,220.216,215.127,473.674,185.305,227.085,449.811,156.278,149.926,588.975,252.228,149.237,510.547,247.249,133.211,544.951,262.785,-43.1076,468.246,151.081,-46.1286,476.892,177.043,-1.07933,473.997,178.418,-3.52883,465.518,152.224
120.736,175.765,59.4663,178.679,151.379,40.9989,198.01,310.031,73.5899,152.943,239.279,54.9697,210.29,213.46,51.6291,253.332,293.414,69.8578,243.428,396.405,1.50919,281.534,372.479,63.2383,202.095,436.157,157.876,179.089,459.871,189.565,162.362,483.784,222.157,199.494,497.596,220.232,215.43,474.086,185.333,227.527,450.298,156.303,149.843,589.107,252.191,149.287,510.702,247.217,133.188,545.069,262.757,-43.1328,468.271,151.092,-46.1504,476.918,177.048,-1.10373,474.026,178.42,-3.54866,465.572,152.207
122.449,175.859,59.6478,180.471,151.734,41.1356,199.174,310.439,73.7447,154.407,239.517,55.1108,211.835,213.925,51.7331,254.571,294.055,69.9783,244.088,396.886,1.4262,282.428,373.222,63.3278,202.604,436.542,157.891,179.434,460.154,189.558,162.552,483.996,222.126,199.659,497.942,220.254,215.736,474.509,185.368,227.975,450.796,156.337,149.757,589.244,252.156,149.337,510.862,247.189,133.164,545.19,262.733,-43.1569,468.295,151.103,-46.1713,476.943,177.053,-1.12751,474.052,178.422,-3.56725,465.625,152.191
124.208,175.939,59.8296,182.313,152.088,41.2787,200.359,310.847,73.9128,155.907,239.747,55.2575,213.419,214.394,51.8452,255.827,294.704,70.1077,244.754,397.376,1.35441,283.332,373.978,63.4321,203.121,436.936,157.916,179.784,460.445,189.56,162.744,484.214,222.1,199.825,498.295,220.281,216.044,474.941,185.412,228.428,451.304,156.38,149.668,589.384,252.123,149.387,511.026,247.164,133.139,545.316,262.71,-43.1797,468.317,151.114,-46.1912,476.966,177.058,-1.15058,474.076,178.427,-3.58448,465.678,152.176
126.012,176.006,60.0121,184.205,152.442,41.4287,201.564,311.254,74.094,157.44,239.969,55.4101,215.039,214.866,51.9661,257.099,295.36,70.2458,245.426,397.876,1.29433,284.247,374.746,63.551,203.644,437.339,157.951,180.137,460.742,189.569,162.938,484.438,222.079,199.992,498.656,220.315,216.356,475.383,185.463,228.885,451.822,156.433,149.576,589.529,252.092,149.437,511.195,247.144,133.111,545.445,262.691,-43.2012,468.338,151.125,-46.2101,476.988,177.064,-1.17284,474.099,178.432,-3.60025,465.729,152.161
127.858,176.061,60.1957,186.142,152.796,41.5862,202.788,311.661,74.2877,159.005,240.185,55.5688,216.695,215.343,52.0962,258.383,296.024,70.3922,246.103,398.384,1.24646,285.169,375.526,63.6848,204.172,437.75,157.997,180.495,461.046,189.587,163.134,484.667,222.065,200.159,499.025,220.354,216.669,475.833,185.524,229.346,452.349,156.496,149.482,589.677,252.063,149.487,511.368,247.127,133.083,545.578,262.674,-43.2212,468.357,151.137,-46.2279,477.009,177.07,-1.1942,474.12,178.44,-3.61445,465.78,152.148
129.743,176.103,60.3807,188.123,153.151,41.7516,204.029,312.067,74.4934,160.6,240.394,55.7336,218.383,215.822,52.236,259.679,296.694,70.5467,246.785,398.9,1.2112,286.1,376.317,63.8334,204.707,438.168,158.053,180.855,461.356,189.613,163.332,484.901,222.057,200.327,499.401,220.4,216.985,476.292,185.592,229.812,452.886,156.569,149.385,589.83,252.036,149.536,511.545,247.114,133.052,545.714,262.66,-43.2396,468.375,151.15,-46.2443,477.028,177.076,-1.21457,474.139,178.449,-3.62698,465.83,152.135
131.666,176.135,60.5678,190.145,153.506,41.9253,205.285,312.474,74.7105,162.223,240.598,55.9048,220.102,216.306,52.3859,260.984,297.371,70.7088,247.471,399.425,1.18894,287.037,377.119,63.9969,205.246,438.594,158.119,181.219,461.672,189.647,163.532,485.14,222.055,200.494,499.784,220.452,217.302,476.759,185.669,230.28,453.432,156.652,149.286,589.986,252.012,149.585,511.727,247.104,133.021,545.853,262.648,-43.2563,468.393,151.162,-46.2594,477.046,177.082,-1.23386,474.156,178.459,-3.63774,465.879,152.123
133.622,176.157,60.7575,192.205,153.864,42.1077,206.554,312.881,74.938,163.87,240.796,56.0823,221.848,216.794,52.5466,262.296,298.053,70.8783,248.162,399.958,1.18,287.979,377.93,64.175,205.789,439.027,158.196,181.585,461.994,189.69,163.733,485.385,222.059,200.662,500.174,220.511,217.62,477.233,185.755,230.751,453.985,156.744,149.185,590.146,251.989,149.634,511.913,247.099,132.989,545.996,262.639,-43.2713,468.409,151.175,-46.273,477.062,177.089,-1.25198,474.171,178.471,-3.64664,465.927,152.113
135.608,176.17,60.9502,194.3,154.223,42.2991,207.835,313.29,75.1754,165.541,240.991,56.2664,223.62,217.286,52.7183,263.613,298.741,71.0549,248.857,400.499,1.18468,288.926,378.75,64.3677,206.336,439.466,158.283,181.953,462.321,189.741,163.936,485.635,222.069,200.829,500.57,220.576,217.94,477.714,185.849,231.225,454.546,156.847,149.081,590.309,251.969,149.683,512.102,247.098,132.955,546.143,262.633,-43.2844,468.423,151.189,-46.2851,477.078,177.096,-1.26885,474.185,178.485,-3.65357,465.975,152.103
137.622,176.176,61.1465,196.427,154.585,42.4999,209.127,313.699,75.4217,167.233,241.182,56.4571,225.414,217.783,52.9016,264.933,299.434,71.2383,249.556,401.048,1.20321,289.877,379.579,64.5749,206.886,439.912,158.38,182.324,462.654,189.8,164.139,485.889,222.085,200.996,500.971,220.647,218.26,478.202,185.951,231.701,455.113,156.96,148.977,590.476,251.951,149.732,512.296,247.101,132.921,546.292,262.629,-43.2956,468.437,151.203,-46.2954,477.092,177.104,-1.28438,474.196,178.5,-3.65846,466.022,152.094
139.66,176.176,61.347,198.583,154.95,42.7103,210.426,314.11,75.6761,168.943,241.371,56.6542,227.229,218.283,53.0967,266.255,300.132,71.4285,250.259,401.603,1.23581,290.83,380.415,64.7964,207.438,440.363,158.487,182.696,462.991,189.867,164.344,486.147,222.107,201.163,501.378,220.724,218.581,478.696,186.062,232.178,455.687,157.082,148.87,590.646,251.935,149.78,512.493,247.107,132.886,546.445,262.628,-43.3047,468.45,151.217,-46.3041,477.106,177.112,-1.29849,474.206,178.517,-3.6612,466.068,152.087
141.719,176.172,61.5521,200.765,155.319,42.9302,211.733,314.523,75.9378,170.669,241.558,56.8578,229.062,218.789,53.304,267.576,300.835,71.6252,250.965,402.166,1.28264,291.786,381.258,65.032,207.993,440.819,158.604,183.07,463.332,189.942,164.55,486.41,222.135,201.33,501.79,220.807,218.902,479.196,186.18,232.656,456.266,157.214,148.762,590.819,251.921,149.829,512.694,247.118,132.85,546.601,262.63,-43.3117,468.462,151.232,-46.3108,477.118,177.12,-1.31111,474.214,178.536,-3.66173,466.113,152.08
143.795,176.164,61.7621,202.968,155.692,43.1598,213.045,314.939,76.206,172.409,241.745,57.0679,230.909,219.299,53.5238,268.895,301.541,71.8284,251.676,402.736,1.34384,292.742,382.107,65.2814,208.549,441.28,158.73,183.445,463.678,190.024,164.757,486.677,222.169,201.495,502.207,220.897,219.223,479.7,186.307,233.134,456.851,157.356,148.653,590.995,251.91,149.877,512.898,247.132,132.814,546.759,262.634,-43.3164,468.473,151.247,-46.3157,477.129,177.128,-1.32214,474.221,178.555,-3.65995,466.158,152.075
145.886,176.155,61.9775,205.191,156.07,43.3989,214.36,315.358,76.4799,174.16,241.932,57.2841,232.768,219.814,53.7561,270.212,302.251,72.0382,252.39,403.312,1.41951,293.699,382.96,65.5445,209.106,441.746,158.866,183.821,464.028,190.115,164.965,486.947,222.209,201.661,502.627,220.993,219.544,480.209,186.442,233.613,457.439,157.507,148.544,591.175,251.9,149.925,513.106,247.149,132.777,546.921,262.64,-43.3188,468.483,151.262,-46.3185,477.139,177.137,-1.33152,474.226,178.577,-3.65579,466.202,152.07
147.988,176.145,62.1984,207.429,156.452,43.6473,215.677,315.78,76.7589,175.92,242.12,57.5063,234.638,220.334,54.0011,271.524,302.965,72.2547,253.108,403.893,1.50972,294.655,383.818,65.8208,209.663,442.215,159.01,184.197,464.381,190.212,165.174,487.221,222.255,201.825,503.051,221.094,219.865,480.722,186.584,234.092,458.031,157.668,148.434,591.357,251.892,149.974,513.316,247.171,132.741,547.085,262.649,-43.3189,468.492,151.278,-46.3191,477.149,177.146,-1.33918,474.23,178.599,-3.64918,466.245,152.067
150.097,176.137,62.425,209.68,156.84,43.9048,216.995,316.205,77.0422,177.688,242.31,57.7344,236.514,220.859,54.2589,272.831,303.682,72.478,253.83,404.48,1.61451,295.61,384.68,66.1102,210.22,442.688,159.164,184.573,464.737,190.317,165.383,487.499,222.306,201.989,503.478,221.201,220.185,481.237,186.734,234.57,458.626,157.837,148.323,591.541,251.886,150.022,513.53,247.195,132.705,547.251,262.66,-43.3165,468.501,151.294,-46.3176,477.158,177.156,-1.34502,474.232,178.624,-3.64006,466.288,152.065
152.211,176.131,62.6572,211.94,157.234,44.171,218.312,316.634,77.3293,179.46,242.503,57.9679,238.395,221.389,54.5292,274.133,304.402,72.7085,254.557,405.072,1.73387,296.563,385.544,66.4122,210.777,443.163,159.325,184.949,465.096,190.428,165.592,487.779,222.362,202.152,503.908,221.314,220.504,481.756,186.891,235.047,459.223,158.016,148.213,591.728,251.882,150.071,513.746,247.223,132.668,547.42,262.673,-43.3116,468.509,151.311,-46.3138,477.166,177.166,-1.34899,474.232,178.649,-3.62835,466.33,152.064
154.327,176.13,62.8948,214.206,157.633,44.4455,219.627,317.067,77.6196,181.234,242.7,58.2066,240.278,221.924,54.8121,275.428,305.123,72.9465,255.288,405.669,1.86778,297.513,386.41,66.7265,211.333,443.641,159.495,185.325,465.457,190.546,165.802,488.062,222.424,202.314,504.34,221.432,220.822,482.276,187.055,235.523,459.821,158.202,148.102,591.917,251.88,150.121,513.964,247.254,132.633,547.592,262.688,-43.3041,468.517,151.328,-46.3077,477.174,177.176,-1.35101,474.232,178.676,-3.61399,466.371,152.065
156.442,176.134,63.1376,216.474,158.039,44.7277,220.938,317.504,77.9127,183.009,242.901,58.4501,242.161,222.464,55.1071,276.717,305.847,73.1923,256.024,406.269,2.01616,298.46,387.277,67.0527,211.887,444.12,159.672,185.7,465.82,190.669,166.012,488.348,222.49,202.475,504.773,221.555,221.139,482.798,187.225,235.997,460.421,158.397,147.993,592.108,251.879,150.17,514.184,247.288,132.598,547.765,262.705,-43.2939,468.524,151.345,-46.2991,477.181,177.187,-1.351,474.23,178.704,-3.59694,466.412,152.066
158.554,176.145,63.3852,218.743,158.45,45.0172,222.245,317.945,78.2081,184.783,243.107,58.6979,244.04,223.008,55.4141,277.999,306.573,73.4464,256.766,406.873,2.17891,299.404,388.144,67.3904,212.439,444.601,159.856,186.075,466.185,190.799,166.223,488.635,222.561,202.636,505.208,221.683,221.454,483.32,187.402,236.469,461.02,158.6,147.884,592.301,251.88,150.22,514.407,247.325,132.563,547.94,262.724,-43.2811,468.531,151.363,-46.2881,477.187,177.198,-1.3489,474.228,178.733,-3.57714,466.453,152.069
160.659,176.163,63.6369,221.008,158.868,45.3133,223.546,318.389,78.5055,186.553,243.319,58.9495,245.915,223.557,55.7324,279.274,307.299,73.7093,257.513,407.481,2.35588,300.344,389.01,67.7392,212.989,445.083,160.046,186.448,466.551,190.934,166.434,488.925,222.636,202.795,505.643,221.815,221.768,483.843,187.585,236.939,461.619,158.81,147.776,592.496,251.882,150.271,514.631,247.364,132.53,548.117,262.744,-43.2654,468.537,151.382,-46.2744,477.194,177.209,-1.34464,474.224,178.763,-3.55453,466.493,152.072
162.755,176.189,63.8921,223.268,159.292,45.6155,224.84,318.838,78.8044,188.317,243.536,59.2045,247.783,224.11,56.0616,280.541,308.026,73.9812,258.265,408.09,2.54685,301.278,389.875,68.0985,213.536,445.564,160.243,186.82,466.917,191.074,166.644,489.216,222.716,202.953,506.078,221.952,222.08,484.366,187.773,237.407,462.216,159.027,147.669,592.692,251.886,150.322,514.857,247.406,132.498,548.295,262.766,-43.247,468.544,151.4,-46.2582,477.2,177.221,-1.33814,474.219,178.794,-3.52909,466.534,152.077
164.841,176.225,64.1499,225.518,159.722,45.923,226.126,319.289,79.1047,190.074,243.76,59.4623,249.641,224.668,56.401,281.801,308.754,74.2626,259.024,408.702,2.75158,302.208,390.737,68.4678,214.08,446.046,160.446,187.19,467.284,191.218,166.855,489.508,222.799,203.111,506.512,222.092,222.391,484.887,187.967,237.872,462.812,159.251,147.565,592.889,251.89,150.374,515.084,247.45,132.467,548.475,262.789,-43.2257,468.55,151.419,-46.2392,477.206,177.233,-1.32933,474.214,178.826,-3.50077,466.573,152.083
166.915,176.271,64.4094,227.757,160.159,46.2353,227.404,319.744,79.4059,191.822,243.99,59.7223,251.487,225.229,56.7498,283.054,309.481,74.5535,259.789,409.316,2.96975,303.132,391.595,68.8465,214.62,446.527,160.653,187.558,467.651,191.367,167.066,489.801,222.886,203.267,506.946,222.237,222.699,485.407,188.165,238.333,463.405,159.481,147.462,593.088,251.896,150.427,515.311,247.496,132.438,548.655,262.813,-43.2015,468.556,151.439,-46.2175,477.212,177.246,-1.31815,474.208,178.859,-3.46953,466.613,152.09
168.974,176.327,64.6696,229.983,160.601,46.5518,228.673,320.201,79.7079,193.559,244.227,59.9839,253.321,225.793,57.1074,284.3,310.208,74.8541,260.561,409.93,3.20099,304.05,392.45,69.234,215.156,447.006,160.865,187.925,468.018,191.519,167.277,490.095,222.977,203.423,507.378,222.384,223.005,485.925,188.368,238.792,463.995,159.717,147.362,593.287,251.903,150.48,515.54,247.544,132.411,548.837,262.838,-43.1743,468.563,151.458,-46.1931,477.218,177.259,-1.30453,474.202,178.892,-3.43535,466.652,152.097
171.017,176.394,64.9294,232.191,161.05,46.8717,229.931,320.659,80.0103,195.284,244.471,60.2465,255.139,226.361,57.4727,285.538,310.933,75.1644,261.339,410.545,3.44485,304.962,393.299,69.6297,215.688,447.484,161.081,188.289,468.383,191.675,167.488,490.389,223.07,203.578,507.809,222.535,223.31,486.44,188.575,239.246,464.581,159.957,147.264,593.486,251.911,150.535,515.769,247.593,132.386,549.02,262.864,-43.1442,468.569,151.479,-46.1657,477.224,177.273,-1.28839,474.196,178.926,-3.39819,466.691,152.106
173.043,176.472,65.1875,234.381,161.504,47.1945,231.179,321.12,80.3128,196.995,244.722,60.5093,256.94,226.931,57.8447,286.767,311.656,75.4842,262.125,411.16,3.70081,305.866,394.142,70.0328,216.215,447.96,161.301,188.65,468.748,191.833,167.698,490.684,223.166,203.732,508.237,222.688,223.611,486.952,188.785,239.697,465.163,160.202,147.169,593.687,251.919,150.591,515.999,247.644,132.363,549.203,262.89,-43.1111,468.576,151.499,-46.1355,477.23,177.287,-1.26967,474.189,178.961,-3.35805,466.73,152.116
175.05,176.56,65.4429,236.549,161.964,47.5193,232.415,321.581,80.6152,198.69,244.98,60.7717,258.723,227.503,58.2225,287.989,312.377,75.8132,262.916,411.774,3.9683,306.763,394.978,70.4425,216.738,448.433,161.524,189.01,469.111,191.994,167.908,490.978,223.264,203.885,508.663,222.843,223.911,487.46,188.998,240.144,465.74,160.452,147.077,593.887,251.927,150.649,516.228,247.695,132.343,549.387,262.917,-43.0749,468.583,151.52,-46.1023,477.237,177.301,-1.24831,474.182,178.996,-3.31489,466.77,152.127
177.036,176.66,65.6942,238.695,162.429,47.8457,233.639,322.042,80.9171,200.369,245.244,61.0329,260.486,228.077,58.6048,289.202,313.095,76.1508,263.714,412.386,4.24666,307.653,395.806,70.8581,217.255,448.903,161.749,189.366,469.472,192.156,168.118,491.271,223.364,204.037,509.085,222.999,224.208,487.964,189.213,240.587,466.312,160.705,146.988,594.087,251.937,150.708,516.458,247.748,132.325,549.571,262.944,-43.0357,468.59,151.541,-46.0662,477.244,177.316,-1.22423,474.175,179.032,-3.26871,466.809,152.139
179.002,176.77,65.9402,240.815,162.898,48.1727,234.85,322.503,81.218,202.03,245.514,61.2924,262.228,228.651,58.9906,290.406,313.809,76.4966,264.519,412.997,4.53515,308.534,396.626,71.2788,217.766,449.369,161.976,189.72,469.831,192.32,168.328,491.564,223.465,204.188,509.503,223.157,224.503,488.463,189.431,241.026,466.877,160.96,146.903,594.287,251.946,150.768,516.687,247.801,132.31,549.755,262.972,-42.9934,468.598,151.563,-46.027,477.252,177.331,-1.19738,474.169,179.068,-3.2195,466.848,152.151
180.945,176.89,66.1796,242.909,163.372,48.4998,236.047,322.962,81.5177,203.671,245.79,61.5492,263.947,229.226,59.3785,291.6,314.519,76.8498,265.329,413.606,4.83298,309.406,397.437,71.7036,218.272,449.831,162.204,190.07,470.188,192.485,168.537,491.855,223.568,204.339,509.918,223.316,224.795,488.957,189.65,241.46,467.436,161.218,146.823,594.487,251.955,150.83,516.915,247.855,132.298,549.939,262.999,-42.9481,468.607,151.585,-45.9848,477.26,177.347,-1.16768,474.163,179.104,-3.16726,466.888,152.165
182.865,177.02,66.4112,244.973,163.85,48.8261,237.231,323.42,81.8156,205.292,246.072,61.8027,265.642,229.801,59.7675,292.783,315.224,77.2095,266.144,414.211,5.13925,310.269,398.238,72.1316,218.772,450.289,162.432,190.418,470.541,192.651,168.747,492.145,223.672,204.489,510.328,223.475,225.085,489.445,189.87,241.889,467.988,161.478,146.746,594.686,251.964,150.894,517.142,247.909,132.289,550.122,263.026,-42.8996,468.616,151.607,-45.9395,477.269,177.363,-1.13508,474.157,179.14,-3.11198,466.927,152.179
184.761,177.159,66.6339,247.007,164.332,49.1509,238.4,323.875,82.1113,206.892,246.359,62.0521,267.312,230.375,60.1561,293.956,315.922,77.5748,266.963,414.813,5.45302,311.122,399.028,72.5619,219.265,450.742,162.661,190.762,470.892,192.816,168.955,492.433,223.776,204.638,510.733,223.634,225.371,489.927,190.09,242.314,468.533,161.739,146.674,594.885,251.974,150.959,517.369,247.962,132.284,550.306,263.052,-42.8481,468.626,151.629,-45.8911,477.278,177.379,-1.0995,474.152,179.177,-3.05366,466.967,152.194
186.632,177.307,66.8464,249.01,164.816,49.4733,239.554,324.326,82.4042,208.469,246.649,62.2968,268.956,230.947,60.5431,295.117,316.615,77.9446,267.786,415.41,5.77329,311.965,399.806,72.9935,219.752,451.19,162.889,191.103,471.238,192.981,169.163,492.719,223.881,204.787,511.134,223.793,225.656,490.402,190.31,242.733,469.069,162,146.607,595.082,251.982,151.027,517.594,248.015,132.282,550.489,263.078,-42.7934,468.637,151.652,-45.8397,477.289,177.396,-1.0609,474.148,179.213,-2.99232,467.008,152.21
188.476,177.462,67.0477,250.979,165.302,49.7926,240.693,324.774,82.6937,210.022,246.944,62.5359,270.573,231.516,60.9272,296.265,317.3,78.3178,268.612,416.003,6.09896,312.797,400.573,73.4255,220.233,451.632,163.115,191.44,471.581,193.145,169.371,493.003,223.985,204.936,511.528,223.951,225.937,490.87,190.53,243.148,469.597,162.261,146.544,595.279,251.99,151.097,517.817,248.068,132.284,550.671,263.103,-42.7356,468.648,151.675,-45.7851,477.3,177.414,-1.01921,474.145,179.25,-2.92796,467.048,152.226
190.294,177.624,67.2368,252.914,165.789,50.1079,241.815,325.218,82.9793,211.551,247.241,62.7687,272.162,232.083,61.3072,297.399,317.977,78.6931,269.439,416.59,6.42891,313.618,401.327,73.8568,220.706,452.068,163.34,191.774,471.919,193.308,169.579,493.284,224.089,205.084,511.917,224.107,226.216,491.331,190.749,243.558,470.117,162.522,146.487,595.474,251.998,151.169,518.039,248.12,132.29,550.852,263.127,-42.6748,468.661,151.699,-45.7273,477.313,177.431,-0.974372,474.142,179.286,-2.8606,467.09,152.243
192.084,177.793,67.4128,254.813,166.278,50.4184,242.921,325.656,83.2602,213.054,247.541,62.9947,273.723,232.645,61.6819,298.519,318.645,79.0694,270.266,417.171,6.76195,314.427,402.067,74.2863,221.173,452.498,163.563,192.104,472.253,193.468,169.786,493.563,224.191,205.232,512.3,224.262,226.492,491.784,190.966,243.962,470.627,162.78,146.436,595.667,252.004,151.243,518.259,248.171,132.3,551.032,263.149,-42.6109,468.675,151.723,-45.6664,477.326,177.45,-0.926322,474.141,179.322,-2.79026,467.131,152.261
193.845,177.967,67.575,256.675,166.766,50.7232,244.009,326.089,83.5359,214.531,247.842,63.213,275.254,233.203,62.05,299.623,319.304,79.4453,271.092,417.745,7.09685,315.223,402.794,74.7132,221.633,452.92,163.782,192.43,472.583,193.627,169.992,493.838,224.293,205.38,512.677,224.414,226.766,492.229,191.18,244.361,471.128,163.037,146.39,595.859,252.01,151.32,518.477,248.22,132.315,551.21,263.171,-42.5438,468.69,151.747,-45.6024,477.341,177.469,-0.875006,474.142,179.358,-2.71696,467.174,152.279
195.577,178.146,67.7225,258.499,167.253,51.0215,245.08,326.515,83.8056,215.981,248.144,63.423,276.755,233.755,62.4103,300.711,319.952,79.8196,271.916,418.311,7.43238,316.007,403.506,75.1363,222.085,453.336,163.999,192.753,472.907,193.782,170.198,494.11,224.392,205.528,513.047,224.564,227.036,492.665,191.392,244.754,471.619,163.291,146.35,596.049,252.014,151.4,518.693,248.268,132.333,551.388,263.19,-42.4738,468.706,151.771,-45.5352,477.356,177.488,-0.82037,474.144,179.394,-2.64072,467.217,152.298
197.278,178.328,67.855,260.285,167.739,51.3123,246.133,326.935,84.0687,217.403,248.445,63.6241,278.225,234.301,62.7619,301.782,320.59,80.1908,272.736,418.87,7.7673,316.777,404.203,75.5546,222.53,453.745,164.211,193.072,473.226,193.935,170.403,494.378,224.49,205.675,513.411,224.711,227.304,493.093,191.601,245.142,472.1,163.541,146.316,596.238,252.017,151.482,518.906,248.314,132.357,551.564,263.208,-42.4007,468.723,151.796,-45.4648,477.373,177.507,-0.762364,474.147,179.429,-2.56158,467.26,152.317
198.948,178.513,67.972,262.032,168.222,51.5949,247.167,327.347,84.3243,218.797,248.746,63.8156,279.664,234.84,63.1035,302.835,321.216,80.5578,273.551,419.419,8.10034,317.533,404.885,75.9672,222.968,454.145,164.418,193.387,473.539,194.084,170.608,494.643,224.585,205.823,513.767,224.854,227.569,493.512,191.806,245.524,472.57,163.788,146.288,596.424,252.019,151.567,519.116,248.358,132.385,551.738,263.225,-42.3246,468.742,151.821,-45.3914,477.392,177.528,-0.700942,474.152,179.464,-2.47956,467.304,152.337
200.585,178.7,68.0732,263.739,168.702,51.8684,248.182,327.751,84.5719,220.161,249.044,63.997,281.071,235.371,63.4342,303.868,321.83,80.9191,274.36,419.959,8.43028,318.275,405.551,76.3731,223.398,454.538,164.62,193.698,473.847,194.229,170.812,494.903,224.678,205.971,514.116,224.994,227.832,493.921,192.007,245.901,473.03,164.03,146.267,596.608,252.019,151.654,519.324,248.399,132.418,551.911,263.239,-42.2455,468.762,151.847,-45.3147,477.412,177.548,-0.636062,474.16,179.498,-2.39471,467.349,152.357
202.189,178.888,68.1583,265.406,169.177,52.132,249.178,328.148,84.8105,221.495,249.341,64.1677,282.447,235.894,63.7531,304.881,322.431,81.2736,275.16,420.489,8.75592,319.002,406.201,76.7713,223.82,454.922,164.817,194.005,474.148,194.37,171.016,495.159,224.768,206.119,514.457,225.129,228.091,494.321,192.203,246.272,473.479,164.266,146.253,596.79,252.018,151.745,519.529,248.439,132.456,552.082,263.251,-42.1635,468.783,151.873,-45.235,477.433,177.569,-0.56769,474.169,179.532,-2.30705,467.395,152.377
203.759,179.076,68.2274,267.031,169.648,52.3848,250.154,328.535,85.0397,222.799,249.633,64.3272,283.789,236.407,64.0592,305.873,323.018,81.62,275.951,421.009,9.07607,319.714,406.834,77.1608,224.235,455.298,165.008,194.308,474.443,194.506,171.219,495.41,224.854,206.268,514.791,225.26,228.348,494.71,192.394,246.637,473.917,164.497,146.245,596.969,252.014,151.839,519.731,248.476,132.499,552.25,263.261,-42.0785,468.806,151.899,-45.1522,477.456,177.591,-0.495797,474.181,179.565,-2.21664,467.442,152.398
205.295,179.264,68.2804,268.616,170.112,52.6262,251.109,328.914,85.2586,224.073,249.922,64.475,285.099,236.91,64.3518,306.844,323.591,81.9572,276.731,421.517,9.3896,320.41,407.45,77.5409,224.642,455.665,165.192,194.607,474.732,194.637,171.421,495.657,224.936,206.417,515.117,225.386,228.603,495.09,192.58,246.996,474.343,164.722,146.244,597.146,252.009,151.936,519.93,248.51,132.547,552.417,263.268,-41.9907,468.831,151.925,-45.0663,477.48,177.613,-0.420363,474.195,179.597,-2.12351,467.49,152.419
206.794,179.451,68.3174,270.158,170.569,52.8552,252.043,329.283,85.4666,225.314,250.206,64.6106,286.376,237.402,64.63,307.792,324.15,82.284,277.499,422.014,9.69544,321.09,408.048,77.9105,225.041,456.023,165.369,194.903,475.015,194.762,171.622,495.899,225.015,206.566,515.436,225.507,228.854,495.46,192.759,247.35,474.758,164.939,146.25,597.32,252.001,152.035,520.125,248.54,132.6,552.582,263.273,-41.9,468.857,151.952,-44.9773,477.507,177.636,-0.341376,474.211,179.629,-2.02771,467.538,152.441
208.257,179.636,68.3386,271.659,171.019,53.0712,252.956,329.642,85.6631,226.525,250.484,64.7337,287.619,237.882,64.8933,308.717,324.694,82.5994,278.254,422.498,9.99254,321.754,408.63,78.2689,225.433,456.372,165.539,195.194,475.29,194.882,171.823,496.136,225.089,206.717,515.746,225.622,229.103,495.819,192.932,247.697,475.161,165.149,146.263,597.492,251.992,152.139,520.317,248.568,132.659,552.745,263.275,-41.8065,468.884,151.978,-44.8854,477.534,177.659,-0.258829,474.231,179.66,-1.92929,467.587,152.462
209.682,179.819,68.3442,273.117,171.46,53.2734,253.847,329.991,85.8475,227.703,250.756,64.8437,288.829,238.351,65.141,309.619,325.222,82.9024,278.995,422.97,10.28,322.401,409.193,78.6153,225.817,456.712,165.701,195.481,475.559,194.996,172.023,496.367,225.159,206.867,516.048,225.732,229.349,496.168,193.098,248.039,475.552,165.352,146.284,597.661,251.98,152.245,520.506,248.593,132.723,552.905,263.274,-41.7102,468.914,152.006,-44.7904,477.564,177.682,-0.172727,474.252,179.691,-1.82831,467.638,152.484
211.069,179.998,68.3344,274.534,171.892,53.4612,254.716,330.33,86.0192,228.848,251.021,64.9404,290.005,238.807,65.3725,310.496,325.734,83.1922,279.719,423.429,10.5568,323.032,409.738,78.949,226.193,457.042,165.855,195.764,475.821,195.104,172.222,496.594,225.224,207.019,516.341,225.836,229.593,496.507,193.257,248.374,475.932,165.546,146.311,597.827,251.965,152.355,520.691,248.614,132.792,553.063,263.27,-41.6112,468.945,152.033,-44.6925,477.595,177.706,-0.0830803,474.277,179.72,-1.72481,467.689,152.505
212.417,180.174,68.3096,275.908,172.314,53.634,255.562,330.658,86.1778,229.961,251.28,65.0236,291.147,239.25,65.5875,311.349,326.229,83.468,280.428,423.875,10.8223,323.645,410.266,79.2693,226.561,457.363,166,196.042,476.076,195.205,172.421,496.814,225.284,207.171,516.627,225.933,229.834,496.835,193.409,248.704,476.299,165.731,146.346,597.99,251.948,152.468,520.873,248.631,132.867,553.218,263.264,-41.5096,468.978,152.061,-44.5916,477.628,177.731,0.0100913,474.304,179.749,-1.61885,467.742,152.527
213.727,180.347,68.2701,277.24,172.725,53.7911,256.385,330.975,86.3228,231.042,251.53,65.093,292.255,239.68,65.7855,312.177,326.708,83.7289,281.118,424.308,11.0756,324.241,410.774,79.5756,226.921,457.673,166.137,196.317,476.323,195.299,172.619,497.03,225.339,207.324,516.904,226.024,230.072,497.152,193.553,249.028,476.654,165.907,146.389,598.15,251.929,152.584,521.05,248.644,132.948,553.371,263.254,-41.4053,469.012,152.089,-44.4879,477.663,177.756,0.106761,474.334,179.777,-1.5105,467.795,152.549
214.996,180.514,68.2161,278.529,173.125,53.9321,257.186,331.282,86.4538,232.089,251.772,65.1483,293.329,240.095,65.9662,312.98,327.171,83.9745,281.791,424.726,11.3162,324.82,411.265,79.8673,227.274,457.974,166.264,196.588,476.564,195.387,172.815,497.239,225.388,207.478,517.172,226.108,230.308,497.459,193.688,249.345,476.998,166.074,146.439,598.307,251.907,152.704,521.224,248.654,133.034,553.522,263.241,-41.2985,469.048,152.118,-44.3813,477.699,177.782,0.206893,474.367,179.804,-1.3998,467.85,152.571
216.225,180.677,68.1481,279.777,173.513,54.0565,257.963,331.577,86.5705,233.103,252.005,65.1896,294.37,240.496,66.1295,313.757,327.616,84.2041,282.445,425.131,11.5435,325.381,411.737,80.1439,227.618,458.265,166.383,196.855,476.796,195.467,173.011,497.443,225.432,207.633,517.433,226.186,230.541,497.754,193.815,249.657,477.329,166.23,146.496,598.461,251.882,152.827,521.395,248.66,133.125,553.67,263.225,-41.1891,469.087,152.146,-44.272,477.738,177.808,0.310447,474.403,179.83,-1.28682,467.906,152.593
217.414,180.835,68.0665,280.983,173.888,54.1638,258.716,331.86,86.6727,234.084,252.23,65.2167,295.376,240.882,66.275,314.509,328.044,84.4173,283.079,425.521,11.757,325.924,412.19,80.405,227.956,458.546,166.492,197.118,477.022,195.541,173.207,497.641,225.47,207.789,517.684,226.256,230.772,498.04,193.934,249.963,477.648,166.377,146.561,598.613,251.854,152.954,521.561,248.661,133.223,553.815,263.205,-41.0773,469.127,152.175,-44.1599,477.778,177.834,0.417373,474.442,179.856,-1.17163,467.963,152.614
218.562,180.988,67.9717,282.147,174.25,54.2539,259.445,332.132,86.7602,235.032,252.445,65.2297,296.348,241.254,66.4028,315.236,328.455,84.6138,283.693,425.897,11.9563,326.45,412.625,80.6502,228.285,458.817,166.591,197.377,477.24,195.606,173.401,497.833,225.502,207.946,517.927,226.319,231,498.314,194.044,250.263,477.954,166.514,146.633,598.761,251.823,153.085,521.724,248.659,133.326,553.958,263.182,-40.9631,469.168,152.204,-44.0451,477.82,177.861,0.527616,474.484,179.88,-1.05428,468.021,152.636
219.669,181.135,67.864,283.269,174.599,54.3264,260.15,332.393,86.8329,235.947,252.651,65.2286,297.286,241.61,66.5129,315.936,328.848,84.7933,284.287,426.258,12.1411,326.959,413.041,80.8792,228.607,459.078,166.681,197.632,477.451,195.665,173.595,498.019,225.528,208.104,518.162,226.375,231.226,498.578,194.144,250.557,478.249,166.639,146.713,598.906,251.789,153.218,521.882,248.652,133.434,554.098,263.155,-40.8466,469.212,152.234,-43.9276,477.864,177.889,0.641113,474.529,179.904,-0.934836,468.08,152.657
220.736,181.276,67.744,284.351,174.934,54.3813,260.831,332.641,86.8908,236.829,252.848,65.2136,298.191,241.951,66.6054,316.612,329.224,84.9558,284.86,426.605,12.3112,327.45,413.439,81.0918,228.922,459.329,166.761,197.883,477.655,195.716,173.787,498.199,225.547,208.263,518.388,226.424,231.45,498.831,194.236,250.846,478.532,166.754,146.8,599.048,251.752,153.356,522.037,248.641,133.548,554.236,263.125,-40.7278,469.258,152.264,-43.8076,477.91,177.917,0.757798,474.577,179.927,-0.813373,468.14,152.679
221.761,181.411,67.6121,285.391,175.254,54.4185,261.487,332.878,86.9339,237.678,253.035,65.1848,299.062,242.277,66.6805,317.262,329.582,85.1011,285.413,426.938,12.4665,327.923,413.818,81.2878,229.229,459.57,166.832,198.13,477.851,195.759,173.979,498.374,225.561,208.423,518.606,226.465,231.671,499.074,194.318,251.129,478.802,166.859,146.894,599.187,251.712,153.497,522.188,248.625,133.668,554.37,263.092,-40.6068,469.305,152.294,-43.685,477.958,177.946,0.877599,474.628,179.949,-0.689952,468.202,152.7
222.746,181.541,67.4689,286.391,175.56,54.4381,262.119,333.103,86.9622,238.494,253.212,65.1427,299.9,242.587,66.7383,317.887,329.924,85.2293,285.945,427.256,12.607,328.38,414.179,81.4671,229.529,459.8,166.892,198.374,478.04,195.794,174.17,498.542,225.568,208.585,518.816,226.499,231.89,499.307,194.391,251.406,479.061,166.952,146.996,599.323,251.669,153.641,522.335,248.605,133.793,554.503,263.055,-40.4836,469.354,152.324,-43.56,478.008,177.975,1.00044,474.681,179.97,-0.564642,468.264,152.721
223.69,181.664,67.3149,287.35,175.852,54.4403,262.727,333.316,86.9762,239.278,253.38,65.0875,300.704,242.882,66.7793,318.487,330.248,85.3405,286.456,427.559,12.7326,328.82,414.522,81.6296,229.822,460.021,166.943,198.613,478.221,195.822,174.36,498.705,225.569,208.748,519.017,226.525,232.107,499.53,194.455,251.677,479.308,167.035,147.105,599.455,251.623,153.789,522.478,248.581,133.923,554.632,263.014,-40.3583,469.405,152.354,-43.4325,478.06,178.004,1.12623,474.737,179.99,-0.43751,468.328,152.741
224.594,181.782,67.1506,288.27,176.129,54.4254,263.311,333.517,86.9759,240.03,253.538,65.0197,301.476,243.161,66.8037,319.063,330.555,85.4351,286.946,427.848,12.8435,329.242,414.847,81.7755,230.107,460.233,166.984,198.849,478.395,195.843,174.55,498.861,225.563,208.911,519.211,226.543,232.321,499.742,194.509,251.943,479.544,167.106,147.221,599.585,251.574,153.94,522.618,248.552,134.059,554.759,262.97,-40.231,469.458,152.385,-43.3027,478.113,178.034,1.25489,474.796,180.01,-0.308624,468.393,152.762
225.457,181.893,66.9767,289.15,176.391,54.3938,263.87,333.706,86.9617,240.749,253.687,64.9396,302.215,243.425,66.8123,319.615,330.845,85.5132,287.416,428.123,12.9399,329.649,415.154,81.9047,230.386,460.434,167.015,199.082,478.562,195.856,174.738,499.012,225.551,209.077,519.396,226.554,232.534,499.945,194.554,252.203,479.768,167.167,147.344,599.712,251.521,154.094,522.753,248.519,134.2,554.884,262.923,-40.1018,469.513,152.416,-43.1706,478.168,178.064,1.38634,474.858,180.029,-0.178053,468.459,152.782
226.281,181.998,66.7939,289.991,176.638,54.346,264.406,333.884,86.9341,241.437,253.826,64.8478,302.922,243.674,66.8053,320.143,331.118,85.5753,287.866,428.384,13.0219,330.039,415.443,82.0175,230.658,460.626,167.036,199.311,478.722,195.861,174.926,499.157,225.532,209.243,519.573,226.558,232.744,500.138,194.59,252.458,479.98,167.216,147.474,599.836,251.465,154.252,522.885,248.482,134.347,555.005,262.872,-39.9706,469.569,152.447,-43.0363,478.225,178.095,1.52047,474.922,180.046,-0.0458657,468.526,152.802
227.066,182.097,66.6028,290.793,176.87,54.2826,264.917,334.049,86.8936,242.093,253.956,64.745,303.597,243.907,66.7834,320.648,331.375,85.6219,288.295,428.63,13.09,330.413,415.715,82.1142,230.924,460.808,167.048,199.536,478.875,195.859,175.113,499.296,225.508,209.411,519.742,226.554,232.952,500.321,194.616,252.708,480.182,167.255,147.611,599.957,251.406,154.413,523.013,248.44,134.498,555.125,262.817,-39.8376,469.627,152.479,-42.8998,478.284,178.127,1.65719,474.989,180.064,0.0878681,468.594,152.821
227.812,182.191,66.4042,291.557,177.088,54.2042,265.406,334.203,86.8405,242.719,254.077,64.6317,304.241,244.126,66.7474,321.13,331.616,85.6535,288.706,428.863,13.1443,330.772,415.97,82.1948,231.183,460.982,167.051,199.758,479.022,195.85,175.299,499.43,225.477,209.579,519.904,226.543,233.158,500.495,194.633,252.953,480.373,167.284,147.755,600.074,251.344,154.577,523.138,248.394,134.655,555.241,262.759,-39.7028,469.687,152.51,-42.7612,478.345,178.158,1.79642,475.058,180.08,0.22308,468.663,152.84
228.52,182.278,66.1987,292.284,177.291,54.1117,265.871,334.346,86.7756,243.314,254.189,64.5085,304.853,244.33,66.6978,321.589,331.841,85.6706,289.097,429.081,13.1854,331.115,416.208,82.26,231.435,461.145,167.045,199.977,479.161,195.833,175.484,499.558,225.44,209.75,520.058,226.524,233.363,500.66,194.641,253.192,480.552,167.301,147.905,600.19,251.278,154.745,523.258,248.344,134.817,555.355,262.697,-39.5664,469.749,152.542,-42.6206,478.407,178.19,1.93804,475.13,180.095,0.359699,468.733,152.859
229.191,182.359,65.9872,292.974,177.479,54.0059,266.314,334.477,86.6994,243.88,254.291,64.3762,305.436,244.519,66.6354,322.027,332.05,85.6739,289.47,429.286,13.2136,331.444,416.43,82.3099,231.681,461.3,167.03,200.192,479.294,195.81,175.669,499.681,225.396,209.921,520.204,226.499,233.565,500.815,194.64,253.427,480.722,167.309,148.061,600.302,251.21,154.916,523.376,248.289,134.983,555.467,262.632,-39.4283,469.812,152.574,-42.478,478.471,178.223,2.08195,475.203,180.11,0.497658,468.804,152.877
229.825,182.434,65.7704,293.627,177.653,53.8875,266.734,334.597,86.6126,244.416,254.386,64.2355,305.988,244.694,66.5609,322.444,332.244,85.6641,289.824,429.478,13.2293,331.758,416.635,82.345,231.921,461.446,167.006,200.404,479.42,195.78,175.853,499.798,225.347,210.093,520.344,226.466,233.765,500.962,194.63,253.657,480.88,167.307,148.223,600.411,251.138,155.089,523.49,248.23,135.154,555.576,262.564,-39.2886,469.877,152.606,-42.3336,478.536,178.255,2.22807,475.279,180.124,0.636887,468.876,152.895
230.423,182.504,65.5491,294.245,177.813,53.7576,267.133,334.706,86.5159,244.924,254.471,64.087,306.51,244.855,66.4751,322.84,332.422,85.6418,290.161,429.656,13.2331,332.057,416.824,82.3658,232.156,461.583,166.974,200.613,479.539,195.743,176.036,499.91,225.292,210.267,520.476,226.426,233.964,501.101,194.612,253.882,481.029,167.295,148.392,600.518,251.063,155.266,523.6,248.167,135.33,555.682,262.492,-39.1474,469.943,152.638,-42.1873,478.604,178.289,2.37628,475.357,180.137,0.777317,468.948,152.912
230.986,182.567,65.324,294.828,177.96,53.6171,267.51,334.803,86.41,245.403,254.548,63.9315,307.004,245.002,66.3789,323.216,332.585,85.6077,290.48,429.821,13.2254,332.344,416.997,82.3729,232.384,461.711,166.934,200.819,479.653,195.699,176.219,500.017,225.232,210.442,520.601,226.38,234.161,501.23,194.585,254.102,481.168,167.273,148.566,600.621,250.985,155.446,523.707,248.1,135.51,555.787,262.417,-39.0048,470.011,152.67,-42.0393,478.672,178.322,2.52649,475.437,180.15,0.918878,469.022,152.929
231.514,182.625,65.096,295.376,178.092,53.467,267.867,334.89,86.2956,245.856,254.617,63.7697,307.47,245.135,66.2729,323.572,332.734,85.5625,290.784,429.972,13.2067,332.616,417.155,82.3667,232.607,461.831,166.887,201.022,479.76,195.65,176.401,500.119,225.166,210.618,520.719,226.327,234.356,501.352,194.55,254.318,481.296,167.242,148.747,600.723,250.904,155.628,523.81,248.03,135.695,555.888,262.339,-38.8608,470.08,152.702,-41.8896,478.742,178.356,2.67858,475.518,180.162,1.0615,469.096,152.945
232.01,182.676,64.8657,295.891,178.211,53.3082,268.203,334.966,86.1734,246.281,254.678,63.6024,307.909,245.254,66.1581,323.91,332.868,85.5071,291.071,430.111,13.1775,332.876,417.298,82.3479,232.824,461.943,166.832,201.223,479.861,195.594,176.582,500.215,225.095,210.796,520.831,226.268,234.549,501.466,194.507,254.53,481.416,167.203,148.932,600.821,250.819,155.813,523.91,247.955,135.884,555.988,262.258,-38.7156,470.151,152.734,-41.7383,478.814,178.39,2.83247,475.601,180.173,1.20512,469.172,152.961
232.473,182.721,64.634,296.374,178.318,53.1416,268.52,335.032,86.0442,246.682,254.73,63.4301,308.321,245.361,66.0351,324.229,332.988,85.442,291.343,430.237,13.1385,333.123,417.426,82.3169,233.036,462.047,166.769,201.42,479.956,195.532,176.763,500.307,225.018,210.974,520.936,226.203,234.741,501.572,194.456,254.737,481.525,167.155,149.123,600.917,250.732,156.001,524.007,247.877,136.077,556.085,262.174,-38.5691,470.223,152.767,-41.5855,478.887,178.424,2.98804,475.686,180.184,1.34967,469.247,152.976
232.905,182.761,64.4015,296.825,178.411,52.9683,268.818,335.087,85.9087,247.057,254.775,63.2537,308.707,245.454,65.9048,324.53,333.094,85.3679,291.6,430.35,13.09,333.358,417.539,82.2745,233.243,462.142,166.701,201.614,480.045,195.465,176.943,500.394,224.937,211.153,521.034,226.131,234.932,501.67,194.398,254.94,481.626,167.098,149.319,601.01,250.642,156.191,524.101,247.795,136.274,556.179,262.087,-38.4214,470.297,152.799,-41.4312,478.961,178.458,3.14519,475.772,180.194,1.49507,469.324,152.991
233.306,182.794,64.1689,297.246,178.491,52.7892,269.097,335.132,85.7675,247.408,254.811,63.0737,309.068,245.535,65.7679,324.814,333.187,85.2857,291.843,430.45,13.0327,333.581,417.638,82.2212,233.445,462.23,166.625,201.806,480.128,195.393,177.123,500.476,224.85,211.334,521.127,226.054,235.12,501.761,194.333,255.14,481.718,167.034,149.519,601.101,250.548,156.384,524.192,247.71,136.475,556.272,261.997,-38.2726,470.371,152.831,-41.2755,479.037,178.492,3.30384,475.859,180.204,1.64127,469.401,153.006
233.679,182.821,63.9368,297.636,178.56,52.6051,269.358,335.166,85.6214,247.736,254.84,62.8907,309.404,245.603,65.6252,325.081,333.266,85.1959,292.072,430.539,12.9669,333.793,417.723,82.1576,233.642,462.31,166.544,201.995,480.206,195.316,177.302,500.554,224.76,211.515,521.213,225.971,235.308,501.844,194.261,255.335,481.801,166.963,149.724,601.189,250.452,156.579,524.279,247.621,136.68,556.362,261.905,-38.1228,470.447,152.864,-41.1186,479.113,178.527,3.46387,475.948,180.212,1.78819,469.478,153.019
234.023,182.842,63.7058,297.998,178.616,52.4169,269.603,335.191,85.4711,248.041,254.86,62.7053,309.718,245.659,65.4773,325.332,333.332,85.0991,292.289,430.615,12.8934,333.994,417.795,82.0843,233.834,462.383,166.457,202.182,480.279,195.233,177.481,500.628,224.665,211.698,521.293,225.883,235.493,501.92,194.182,255.526,481.875,166.884,149.934,601.275,250.353,156.777,524.364,247.529,136.888,556.45,261.809,-37.972,470.524,152.896,-40.9604,479.191,178.562,3.62518,476.037,180.221,1.93577,469.556,153.033
234.34,182.856,63.4765,298.333,178.66,52.2255,269.83,335.205,85.317,248.325,254.873,62.518,310.008,245.703,65.3249,325.568,333.385,84.9961,292.493,430.679,12.8125,334.184,417.853,82.002,234.021,462.448,166.364,202.366,480.346,195.146,177.659,500.697,224.566,211.881,521.367,225.79,235.678,501.99,194.097,255.714,481.941,166.799,150.148,601.358,250.251,156.976,524.445,247.434,137.1,556.535,261.712,-37.8204,470.602,152.928,-40.8011,479.27,178.597,3.78769,476.127,180.228,2.08393,469.634,153.045
234.632,182.864,63.2493,298.641,178.692,52.0317,270.042,335.21,85.1599,248.589,254.878,62.3292,310.277,245.735,65.1687,325.789,333.425,84.8873,292.685,430.731,12.7247,334.364,417.898,81.9112,234.204,462.507,166.267,202.548,480.408,195.055,177.837,500.761,224.463,212.066,521.436,225.691,235.861,502.053,194.006,255.898,481.998,166.707,150.365,601.439,250.147,157.178,524.524,247.336,137.314,556.618,261.611,-37.6679,470.681,152.96,-40.6406,479.349,178.631,3.95129,476.218,180.236,2.23262,469.713,153.058
234.899,182.865,63.0247,298.923,178.714,51.836,270.238,335.205,85.0002,248.833,254.875,62.1395,310.525,245.756,65.0093,325.995,333.453,84.7734,292.866,430.771,12.6305,334.535,417.93,81.8126,234.383,462.558,166.165,202.728,480.465,194.96,178.014,500.822,224.357,212.251,521.5,225.588,236.042,502.109,193.91,256.079,482.048,166.609,150.587,601.518,250.04,157.382,524.599,247.235,137.532,556.699,261.509,-37.5146,470.761,152.992,-40.4792,479.43,178.666,4.11589,476.31,180.242,2.38176,469.791,153.069
235.143,182.859,62.8031,299.181,178.724,51.6393,270.419,335.19,84.8385,249.059,254.865,61.9492,310.754,245.765,64.8472,326.188,333.468,84.6548,293.035,430.8,12.5303,334.695,417.95,81.7066,234.557,462.603,166.058,202.905,480.516,194.861,178.192,500.879,224.247,212.436,521.557,225.48,236.223,502.158,193.808,256.256,482.089,166.506,150.812,601.593,249.93,157.587,524.672,247.131,137.753,556.778,261.404,-37.3606,470.842,153.023,-40.3169,479.511,178.701,4.2814,476.402,180.249,2.5313,469.87,153.08
235.364,182.846,62.5848,299.416,178.723,51.4421,270.586,335.166,84.6753,249.267,254.846,61.7586,310.963,245.763,64.683,326.367,333.472,84.5321,293.195,430.818,12.4245,334.847,417.958,81.5939,234.727,462.64,165.947,203.08,480.563,194.758,178.368,500.932,224.134,212.623,521.61,225.368,236.402,502.202,193.701,256.43,482.123,166.397,151.04,601.667,249.817,157.795,524.742,247.024,137.976,556.855,261.296,-37.2061,470.923,153.054,-40.1537,479.593,178.735,4.44772,476.494,180.254,2.68116,469.949,153.091
235.564,182.826,62.37,299.629,178.711,51.245,270.74,335.133,84.5109,249.459,254.82,61.5681,311.154,245.751,64.5172,326.533,333.464,84.4055,293.345,430.824,12.3136,334.99,417.954,81.4749,234.893,462.672,165.833,203.253,480.605,194.652,178.545,500.981,224.018,212.81,521.658,225.252,236.579,502.239,193.589,256.601,482.15,166.284,151.27,601.738,249.702,158.003,524.809,246.915,138.203,556.929,261.187,-37.0509,471.005,153.086,-39.9898,479.676,178.77,4.61476,476.586,180.259,2.83128,470.028,153.101
235.745,182.799,62.1591,299.821,178.689,51.0485,270.882,335.09,84.3459,249.635,254.786,61.3779,311.328,245.727,64.3502,326.688,333.445,84.2757,293.485,430.82,12.198,335.124,417.939,81.3501,235.055,462.696,165.715,203.423,480.643,194.543,178.721,501.026,223.899,212.998,521.7,225.132,236.756,502.27,193.472,256.769,482.168,166.165,151.504,601.806,249.585,158.214,524.873,246.804,138.431,557.001,261.076,-36.8953,471.088,153.116,-39.8252,479.759,178.804,4.78244,476.679,180.264,2.98159,470.106,153.11
235.906,182.764,61.9522,299.993,178.657,50.853,271.011,335.039,84.1804,249.796,254.743,61.1882,311.486,245.693,64.1824,326.83,333.415,84.1428,293.617,430.804,12.0779,335.251,417.912,81.2201,235.214,462.715,165.594,203.592,480.675,194.431,178.897,501.068,223.778,213.187,521.738,225.008,236.931,502.296,193.351,256.933,482.18,166.043,151.74,601.873,249.465,158.426,524.935,246.69,138.662,557.071,260.962,-36.7392,471.171,153.147,-39.6599,479.843,178.838,4.95066,476.772,180.268,3.13204,470.185,153.119
236.05,182.722,61.7495,300.147,178.614,50.6591,271.128,334.978,84.0149,249.944,254.693,60.9993,311.629,245.649,64.0142,326.962,333.374,84.0073,293.739,430.778,11.9537,335.369,417.874,81.0852,235.369,462.727,165.47,203.759,480.703,194.316,179.073,501.106,223.654,213.376,521.771,224.88,237.105,502.315,193.226,257.095,482.185,165.916,151.979,601.936,249.343,158.639,524.994,246.574,138.895,557.138,260.847,-36.5827,471.255,153.177,-39.4941,479.927,178.872,5.11934,476.864,180.272,3.28254,470.263,153.127
236.178,182.672,61.5512,300.283,178.562,50.467,271.235,334.909,83.8496,250.078,254.635,60.8114,311.757,245.595,63.846,327.083,333.323,83.8693,293.854,430.741,11.8256,335.48,417.825,80.9458,235.52,462.734,165.343,203.924,480.727,194.199,179.248,501.141,223.528,213.565,521.799,224.75,237.278,502.329,193.097,257.254,482.183,165.786,152.219,601.998,249.218,158.853,525.05,246.456,139.131,557.203,260.731,-36.426,471.339,153.207,-39.3279,480.011,178.906,5.2884,476.956,180.276,3.43305,470.34,153.134
236.29,182.615,61.3572,300.404,178.5,50.2772,271.332,334.832,83.6847,250.2,254.569,60.6247,311.871,245.531,63.678,327.193,333.261,83.7293,293.96,430.694,11.6941,335.584,417.766,80.8024,235.668,462.734,165.214,204.087,480.746,194.079,179.424,501.172,223.4,213.755,521.823,224.616,237.45,502.337,192.965,257.41,482.173,165.652,152.461,602.057,249.091,159.068,525.103,246.336,139.368,557.266,260.612,-36.269,471.423,153.236,-39.1613,480.096,178.939,5.45775,477.048,180.279,3.5835,470.418,153.141
236.388,182.55,61.1677,300.509,178.428,50.0898,271.419,334.746,83.5205,250.311,254.495,60.4393,311.973,245.458,63.5107,327.294,333.189,83.5874,294.059,430.637,11.5593,335.681,417.697,80.6553,235.812,462.729,165.082,204.248,480.762,193.957,179.599,501.201,223.271,213.946,521.842,224.479,237.621,502.34,192.829,257.564,482.158,165.516,152.705,602.113,248.961,159.285,525.154,246.214,139.607,557.327,260.492,-36.1119,471.507,153.265,-38.9943,480.181,178.972,5.62731,477.139,180.281,3.73382,470.494,153.148
236.473,182.476,60.9828,300.6,178.348,49.9051,271.497,334.653,83.3572,250.412,254.413,60.2554,312.063,245.375,63.344,327.386,333.108,83.4438,294.151,430.57,11.4214,335.771,417.618,80.5048,235.953,462.718,164.949,204.408,480.772,193.833,179.774,501.226,223.14,214.136,521.857,224.339,237.79,502.338,192.69,257.715,482.136,165.376,152.95,602.167,248.83,159.502,525.202,246.09,139.847,557.385,260.37,-35.9547,471.592,153.293,-38.8272,480.265,179.004,5.79699,477.229,180.283,3.88395,470.57,153.153
236.545,182.395,60.8024,300.678,178.258,49.7233,271.568,334.551,83.1948,250.502,254.323,60.0733,312.142,245.283,63.1784,327.469,333.017,83.2988,294.236,430.493,11.2807,335.855,417.529,80.3512,236.091,462.701,164.813,204.566,480.779,193.707,179.949,501.248,223.007,214.327,521.868,224.196,237.959,502.331,192.548,257.864,482.107,165.233,153.196,602.218,248.696,159.72,525.247,245.964,140.089,557.44,260.247,-35.7974,471.676,153.321,-38.6598,480.35,179.036,5.96673,477.319,180.285,4.03383,470.646,153.159
236.607,182.306,60.6266,300.744,178.159,49.5446,271.63,334.442,83.0336,250.583,254.225,59.893,312.21,245.182,63.014,327.544,332.917,83.1525,294.313,430.406,11.1373,335.933,417.43,80.1947,236.226,462.679,164.676,204.722,480.782,193.58,180.124,501.267,222.873,214.518,521.875,224.051,238.126,502.318,192.404,258.01,482.073,165.087,153.443,602.267,248.56,159.939,525.289,245.837,140.332,557.494,260.123,-35.6401,471.76,153.348,-38.4924,480.435,179.068,6.13644,477.408,180.287,4.18339,470.72,153.163
236.659,182.208,60.4554,300.799,178.052,49.3692,271.686,334.326,82.8735,250.656,254.119,59.7148,312.269,245.072,62.8508,327.611,332.808,83.0051,294.384,430.31,10.9915,336.005,417.323,80.0355,236.358,462.652,164.537,204.877,480.781,193.45,180.298,501.283,222.738,214.71,521.878,223.903,238.293,502.301,192.257,258.154,482.032,164.94,153.69,602.313,248.421,160.158,525.329,245.708,140.576,557.545,259.997,-35.483,471.845,153.375,-38.325,480.519,179.098,6.30604,477.495,180.288,4.33257,470.794,153.167
236.701,182.103,60.2886,300.845,177.936,49.1971,271.736,334.203,82.7147,250.721,254.005,59.5388,312.32,244.954,62.6891,327.671,332.69,82.8567,294.449,430.204,10.8434,336.071,417.206,79.8739,236.487,462.62,164.397,205.03,480.775,193.32,180.473,501.296,222.602,214.902,521.877,223.753,238.458,502.278,192.107,258.295,481.986,164.789,153.938,602.357,248.281,160.378,525.366,245.577,140.822,557.593,259.87,-35.326,471.929,153.401,-38.1577,480.603,179.129,6.47545,477.582,180.288,4.48132,470.866,153.17
236.735,181.989,60.1264,300.881,177.811,49.0283,271.779,334.072,82.5571,250.778,253.883,59.3653,312.362,244.828,62.5288,327.724,332.564,82.7074,294.508,430.09,10.6931,336.132,417.081,79.7101,236.613,462.583,164.255,205.181,480.766,193.188,180.647,501.306,222.464,215.093,521.872,223.601,238.622,502.251,191.955,258.435,481.934,164.637,154.187,602.397,248.138,160.599,525.4,245.445,141.068,557.639,259.742,-35.1693,472.012,153.427,-37.9904,480.687,179.158,6.64461,477.668,180.288,4.62956,470.938,153.173
236.762,181.867,59.9685,300.91,177.679,48.863,271.817,333.935,82.4008,250.828,253.753,59.1945,312.397,244.693,62.3701,327.771,332.43,82.5573,294.56,429.967,10.5407,336.187,416.947,79.5441,236.737,462.54,164.112,205.331,480.753,193.054,180.822,501.313,222.326,215.285,521.863,223.446,238.786,502.22,191.8,258.572,481.876,164.483,154.435,602.435,247.993,160.819,525.431,245.312,141.315,557.682,259.613,-35.0128,472.096,153.452,-37.8234,480.77,179.188,6.81342,477.752,180.288,4.77725,471.008,153.175
236.783,181.736,59.8148,300.931,177.538,48.701,271.851,333.791,82.2457,250.872,253.616,59.0265,312.426,244.55,62.2129,327.812,332.288,82.4062,294.606,429.834,10.3864,336.238,416.806,79.3761,236.858,462.493,163.968,205.48,480.737,192.92,180.996,501.318,222.187,215.477,521.85,223.29,238.948,502.183,191.644,258.707,481.813,164.326,154.683,602.471,247.846,161.04,525.46,245.178,141.563,557.723,259.483,-34.8567,472.178,153.476,-37.6567,480.853,179.216,6.98183,477.835,180.288,4.92431,471.077,153.177
236.798,181.598,59.6653,300.946,177.389,48.5423,271.88,333.641,82.0917,250.909,253.47,58.8615,312.448,244.4,62.0572,327.847,332.139,82.2543,294.647,429.694,10.2303,336.284,416.655,79.2061,236.976,462.441,163.823,205.628,480.716,192.784,181.17,501.319,222.047,215.669,521.834,223.132,239.109,502.142,191.485,258.841,481.745,164.168,154.93,602.503,247.697,161.261,525.485,245.042,141.812,557.76,259.352,-34.701,472.261,153.499,-37.4904,480.936,179.243,7.14975,477.917,180.287,5.0707,471.145,153.178
236.807,181.451,59.5197,300.955,177.233,48.3868,271.905,333.484,81.9389,250.94,253.317,58.6998,312.465,244.242,61.9029,327.877,331.982,82.1014,294.682,429.544,10.0725,336.325,416.498,79.0342,237.092,462.385,163.676,205.774,480.692,192.647,181.344,501.318,221.907,215.861,521.814,222.971,239.27,502.097,191.325,258.972,481.672,164.008,155.178,602.533,247.546,161.482,525.508,244.904,142.061,557.796,259.22,-34.5458,472.342,153.522,-37.3245,481.017,179.27,7.31711,477.997,180.286,5.21635,471.211,153.178
236.813,181.296,59.3778,300.96,177.069,48.2343,271.926,333.322,81.7869,250.966,253.157,58.5413,312.478,244.077,61.7499,327.902,331.817,81.9475,294.712,429.387,9.91295,336.362,416.332,78.8606,237.206,462.324,163.529,205.918,480.664,192.509,181.518,501.314,221.765,216.053,521.791,222.809,239.429,502.047,191.162,259.101,481.594,163.846,155.424,602.56,247.393,161.703,525.528,244.766,142.31,557.828,259.086,-34.3912,472.423,153.543,-37.159,481.098,179.296,7.48383,478.076,180.284,5.3612,471.276,153.178
236.815,181.134,59.2393,300.96,176.898,48.0845,271.945,333.153,81.6357,250.986,252.989,58.3863,312.486,243.905,61.598,327.922,331.646,81.7923,294.736,429.222,9.75182,336.395,416.159,78.6851,237.317,462.259,163.38,206.062,480.633,192.37,181.692,501.307,221.623,216.245,521.764,222.646,239.587,501.994,190.998,259.229,481.511,163.682,155.669,602.583,247.237,161.924,525.544,244.626,142.559,557.857,258.952,-34.2371,472.503,153.564,-36.9942,481.178,179.322,7.64984,478.153,180.282,5.50519,471.339,153.177
236.814,180.963,59.1039,300.957,176.72,47.9373,271.96,332.978,81.4851,251,252.813,58.2347,312.49,243.725,61.4471,327.937,331.468,81.6357,294.754,429.049,9.58912,336.423,415.979,78.5078,237.426,462.189,163.23,206.204,480.598,192.23,181.865,501.297,221.481,216.436,521.733,222.48,239.745,501.936,190.832,259.354,481.423,163.517,155.914,602.604,247.08,162.145,525.558,244.485,142.809,557.884,258.818,-34.0837,472.583,153.584,-36.8299,481.257,179.346,7.81507,478.229,180.279,5.64828,471.401,153.175
236.81,180.785,58.9713,300.951,176.534,47.7923,271.972,332.797,81.3349,251.01,252.631,58.0866,312.49,243.539,61.2968,327.948,331.284,81.4773,294.768,428.869,9.4249,336.448,415.792,78.3287,237.533,462.116,163.079,206.345,480.56,192.088,182.038,501.284,221.337,216.628,521.7,222.313,239.901,501.873,190.664,259.478,481.331,163.349,156.157,602.622,246.921,162.366,525.569,244.343,143.058,557.908,258.682,-33.9311,472.661,153.604,-36.6664,481.336,179.369,7.97944,478.303,180.276,5.7904,471.461,153.173
236.805,180.598,58.8411,300.943,176.342,47.649,271.983,332.611,81.1848,251.015,252.441,57.9417,312.488,243.347,61.1469,327.954,331.094,81.3171,294.776,428.682,9.25919,336.469,415.598,78.1477,237.638,462.038,162.927,206.484,480.518,191.946,182.212,501.269,221.193,216.819,521.663,222.144,240.056,501.807,190.494,259.6,481.234,163.18,156.399,602.637,246.76,162.586,525.576,244.2,143.308,557.928,258.546,-33.7792,472.739,153.622,-36.5037,481.413,179.392,8.14287,478.375,180.272,5.9315,471.52,153.17
236.798,180.405,58.7127,300.933,176.144,47.5071,271.99,332.419,81.0345,251.015,252.245,57.8,312.483,243.149,60.9971,327.957,330.897,81.1547,294.779,428.488,9.09199,336.486,415.398,77.9648,237.741,461.956,162.773,206.623,480.473,191.802,182.384,501.251,221.049,217.01,521.622,221.974,240.211,501.737,190.323,259.72,481.134,163.009,156.639,602.648,246.596,162.806,525.581,244.056,143.557,557.946,258.408,-33.6282,472.815,153.639,-36.3417,481.489,179.413,8.3053,478.446,180.268,6.07152,471.576,153.167
236.79,180.204,58.5856,300.921,175.939,47.366,271.996,332.222,80.8839,251.011,252.042,57.6611,312.475,242.944,60.8469,327.955,330.695,80.9898,294.777,428.288,8.92332,336.499,415.191,77.7799,237.841,461.87,162.618,206.76,480.424,191.657,182.557,501.229,220.903,217.201,521.578,221.802,240.364,501.663,190.149,259.839,481.029,162.836,156.878,602.656,246.431,163.025,525.582,243.911,143.806,557.96,258.27,-33.4781,472.89,153.656,-36.1807,481.564,179.434,8.46665,478.515,180.264,6.21042,471.631,153.163
236.781,179.995,58.4593,300.908,175.728,47.2251,272,332.019,80.7324,251.002,251.832,57.5245,312.466,242.734,60.696,327.949,330.487,80.8222,294.77,428.082,8.75315,336.509,414.979,77.5929,237.94,461.781,162.462,206.896,480.372,191.511,182.729,501.205,220.757,217.391,521.531,221.629,240.516,501.585,189.974,259.956,480.919,162.66,157.115,602.661,246.264,163.244,525.58,243.764,144.055,557.971,258.132,-33.329,472.965,153.671,-36.0207,481.638,179.453,8.62684,478.582,180.259,6.34814,471.684,153.158
236.772,179.78,58.333,300.895,175.512,47.0839,272.001,331.811,80.5798,250.99,251.616,57.3898,312.455,242.518,60.5439,327.939,330.274,80.6515,294.758,427.87,8.58146,336.516,414.76,77.4038,238.036,461.688,162.304,207.031,480.317,191.363,182.901,501.178,220.61,217.581,521.48,221.454,240.667,501.503,189.797,260.071,480.807,162.483,157.351,602.662,246.095,163.462,525.574,243.617,144.303,557.979,257.992,-33.1809,473.038,153.686,-35.8616,481.711,179.472,8.78582,478.647,180.253,6.48462,471.735,153.153
236.762,179.558,58.2062,300.882,175.29,46.9417,272.001,331.598,80.4257,250.974,251.394,57.2565,312.443,242.298,60.3901,327.925,330.056,80.4775,294.742,427.652,8.40821,336.519,414.537,77.2125,238.131,461.591,162.144,207.164,480.258,191.214,183.072,501.148,220.462,217.771,521.426,221.277,240.817,501.418,189.618,260.184,480.69,162.304,157.584,602.661,245.925,163.68,525.566,243.468,144.55,557.984,257.853,-33.0339,473.109,153.699,-35.7036,481.782,179.489,8.94349,478.711,180.246,6.61984,471.784,153.147
236.753,179.33,58.078,300.868,175.063,46.7976,271.999,331.38,80.2697,250.954,251.166,57.1237,312.429,242.072,60.234,327.907,329.833,80.2999,294.721,427.43,8.23331,336.519,414.308,77.0187,238.223,461.491,161.982,207.296,480.196,191.063,183.243,501.115,220.313,217.96,521.369,221.1,240.966,501.329,189.437,260.295,480.569,162.123,157.816,602.655,245.752,163.897,525.553,243.319,144.797,557.985,257.712,-32.888,473.18,153.712,-35.5468,481.852,179.506,9.09981,478.772,180.239,6.75373,471.831,153.14
236.744,179.095,57.9477,300.855,174.831,46.651,271.995,331.157,80.1113,250.931,250.933,56.9907,312.414,241.842,60.0751,327.886,329.606,80.1184,294.695,427.203,8.0567,336.516,414.074,76.8224,238.314,461.388,161.819,207.427,480.131,190.911,183.413,501.078,220.163,218.148,521.308,220.92,241.113,501.236,189.255,260.405,480.445,161.939,158.046,602.646,245.578,164.113,525.538,243.168,145.044,557.983,257.571,-32.7433,473.249,153.723,-35.3912,481.921,179.521,9.2547,478.832,180.232,6.88624,471.876,153.132
236.736,178.855,57.8143,300.843,174.595,46.5011,271.99,330.929,79.9501,250.906,250.694,56.8567,312.399,241.608,59.9128,327.862,329.374,79.9329,294.664,426.972,7.87825,336.509,413.835,76.6234,238.403,461.281,161.653,207.557,480.062,190.758,183.583,501.039,220.012,218.336,521.244,220.739,241.26,501.139,189.07,260.513,480.318,161.753,158.273,602.634,245.403,164.328,525.519,243.016,145.289,557.977,257.429,-32.5999,473.316,153.734,-35.2368,481.988,179.535,9.40809,478.89,180.223,7.01734,471.919,153.124
236.728,178.609,57.677,300.831,174.354,46.3468,271.982,330.697,79.7856,250.878,250.451,56.7204,312.383,241.37,59.7463,327.834,329.139,79.7429,294.629,426.738,7.69785,336.5,413.593,76.4216,238.49,461.17,161.486,207.685,479.99,190.602,183.752,500.996,219.86,218.524,521.176,220.557,241.405,501.039,188.883,260.619,480.187,161.564,158.499,602.618,245.225,164.542,525.496,242.863,145.534,557.968,257.286,-32.4577,473.383,153.743,-35.0837,482.054,179.548,9.55993,478.947,180.214,7.14699,471.96,153.116
236.721,178.358,57.5348,300.82,174.11,46.1874,271.972,330.461,79.6174,250.848,250.203,56.5811,312.366,241.128,59.575,327.803,328.9,79.5482,294.59,426.501,7.51535,336.487,413.346,76.2168,238.575,461.057,161.316,207.812,479.915,190.445,183.92,500.95,219.707,218.71,521.105,220.373,241.548,500.935,188.694,260.724,480.053,161.373,158.722,602.599,245.047,164.756,525.47,242.709,145.777,557.956,257.143,-32.3169,473.447,153.751,-34.932,482.118,179.56,9.71014,479.001,180.204,7.27514,471.998,153.106
236.715,178.102,57.3868,300.811,173.863,46.0219,271.961,330.221,79.445,250.816,249.95,56.4374,312.349,240.884,59.3983,327.768,328.657,79.3486,294.546,426.261,7.33058,336.471,413.096,76.0087,238.658,460.941,161.143,207.938,479.837,190.285,184.088,500.901,219.552,218.896,521.031,220.188,241.691,500.828,188.503,260.826,479.916,161.179,158.943,602.576,244.867,164.968,525.44,242.554,146.02,557.94,256.999,-32.1776,473.511,153.758,-34.7817,482.181,179.57,9.85868,479.054,180.193,7.40176,472.035,153.096
236.71,177.841,57.2318,300.803,173.613,45.8493,271.948,329.976,79.2678,250.784,249.694,56.2883,312.331,240.636,59.2153,327.731,328.412,79.1437,294.498,426.019,7.14336,336.453,412.843,75.7973,238.739,460.821,160.968,208.062,479.755,190.124,184.255,500.849,219.396,219.081,520.953,220.001,241.832,500.717,188.31,260.927,479.775,160.982,159.162,602.549,244.685,165.179,525.407,242.397,146.261,557.92,256.855,-32.0396,473.572,153.764,-34.6329,482.242,179.58,10.0055,479.105,180.182,7.5268,472.069,153.086
236.706,177.576,57.069,300.796,173.361,45.6686,271.933,329.728,79.0854,250.751,249.433,56.1324,312.314,240.386,59.0254,327.692,328.164,78.9333,294.446,425.776,6.95348,336.431,412.587,75.5823,238.818,460.699,160.79,208.185,479.67,189.96,184.421,500.793,219.239,219.266,520.871,219.812,241.972,500.603,188.115,261.026,479.632,160.783,159.379,602.518,244.503,165.389,525.37,242.24,146.502,557.896,256.71,-31.9032,473.632,153.769,-34.4856,482.302,179.588,10.1505,479.154,180.169,7.65023,472.101,153.075
236.703,177.308,56.8971,300.79,173.106,45.4789,271.916,329.477,78.8972,250.717,249.17,55.9686,312.296,240.134,58.8278,327.65,327.914,78.7169,294.389,425.531,6.76074,336.406,412.328,75.3634,238.895,460.574,160.609,208.307,479.582,189.794,184.586,500.734,219.08,219.449,520.786,219.622,242.11,500.485,187.917,261.123,479.486,160.58,159.594,602.484,244.319,165.598,525.329,242.081,146.741,557.869,256.565,-31.7683,473.691,153.773,-34.3398,482.36,179.595,10.2937,479.202,180.156,7.77203,472.131,153.063
236.701,177.036,56.7152,300.787,172.85,45.2792,271.897,329.223,78.7029,250.684,248.903,55.7957,312.278,239.881,58.6217,327.605,327.662,78.4943,294.329,425.287,6.56488,336.379,412.068,75.1405,238.971,460.447,160.425,208.427,479.491,189.625,184.75,500.671,218.919,219.632,520.697,219.431,242.247,500.364,187.717,261.218,479.337,160.375,159.807,602.446,244.135,165.806,525.284,241.922,146.979,557.838,256.419,-31.635,473.747,153.776,-34.1957,482.416,179.601,10.435,479.247,180.141,7.89216,472.159,153.05
236.7,176.761,56.5221,300.785,172.592,45.0684,271.876,328.965,78.5019,250.652,248.634,55.6123,312.26,239.626,58.4063,327.559,327.408,78.265,294.264,425.042,6.36567,336.348,411.806,74.9132,239.045,460.316,160.238,208.546,479.397,189.454,184.913,500.605,218.757,219.814,520.604,219.238,242.382,500.24,187.515,261.312,479.186,160.166,160.017,602.404,243.949,166.012,525.236,241.761,147.215,557.803,256.273,-31.5033,473.802,153.778,-34.0531,482.47,179.606,10.5744,479.292,180.126,8.0106,472.185,153.037
236.701,176.484,56.3168,300.785,172.335,44.8455,271.854,328.705,78.2938,250.62,248.363,55.4173,312.243,239.37,58.1809,327.51,327.152,78.0286,294.195,424.798,6.16283,336.315,411.543,74.6814,239.116,460.184,160.047,208.663,479.3,189.281,185.075,500.536,218.593,219.994,520.508,219.043,242.516,500.112,187.31,261.403,479.032,159.954,160.226,602.359,243.763,166.217,525.183,241.599,147.45,557.764,256.126,-31.3733,473.855,153.779,-33.9123,482.523,179.61,10.7118,479.334,180.109,8.12731,472.208,153.023
236.703,176.205,56.0982,300.787,172.076,44.6097,271.83,328.443,78.0781,250.591,248.089,55.2097,312.226,239.114,57.9447,327.46,326.896,77.7848,294.123,424.555,5.95609,336.279,411.28,74.4448,239.186,460.049,159.853,208.779,479.199,189.104,185.236,500.463,218.427,220.174,520.409,218.847,242.649,499.982,187.102,261.493,478.875,159.739,160.433,602.31,243.576,166.42,525.127,241.436,147.683,557.722,255.979,-31.245,473.907,153.778,-33.7732,482.574,179.612,10.8472,479.375,180.092,8.24228,472.229,153.008
236.707,175.923,55.8653,300.791,171.818,44.3598,271.804,328.179,77.8544,250.563,247.814,54.9883,312.209,238.858,57.6969,327.408,326.639,77.533,294.047,424.313,5.74518,336.24,411.016,74.2031,239.255,459.911,159.656,208.893,479.096,188.925,185.395,500.386,218.259,220.352,520.305,218.649,242.78,499.848,186.892,261.581,478.716,159.52,160.637,602.257,243.389,166.622,525.068,241.271,147.915,557.676,255.831,-31.1184,473.956,153.777,-33.6358,482.623,179.613,10.9806,479.414,180.073,8.35548,472.248,152.993
236.712,175.641,55.6171,300.797,171.561,44.0951,271.777,327.913,77.6225,250.538,247.538,54.7523,312.193,238.603,57.4367,327.356,326.382,77.273,293.968,424.073,5.52981,336.199,410.753,73.956,239.321,459.772,159.454,209.006,478.99,188.743,185.554,500.307,218.09,220.529,520.198,218.45,242.909,499.711,186.68,261.667,478.555,159.298,160.84,602.2,243.202,166.823,525.004,241.106,148.146,557.626,255.683,-30.9936,474.004,153.774,-33.5003,482.67,179.614,11.1119,479.452,180.053,8.46691,472.265,152.977
236.718,175.358,55.3526,300.805,171.305,43.8146,271.749,327.645,77.3818,250.515,247.261,54.5007,312.178,238.348,57.1636,327.302,326.124,77.0042,293.884,423.836,5.30971,336.155,410.491,73.7033,239.386,459.63,159.249,209.118,478.881,188.558,185.712,500.223,217.918,220.705,520.088,218.249,243.037,499.571,186.465,261.752,478.392,159.073,161.04,602.14,243.014,167.022,524.937,240.939,148.374,557.572,255.535,-30.8707,474.05,153.771,-33.3666,482.716,179.613,11.2411,479.488,180.032,8.57653,472.28,152.96
236.727,175.074,55.0709,300.816,171.05,43.5174,271.719,327.377,77.1322,250.495,246.984,54.233,312.163,238.094,56.8766,327.248,325.867,76.7262,293.798,423.602,5.0846,336.109,410.229,73.4446,239.45,459.486,159.04,209.228,478.769,188.37,185.868,500.137,217.744,220.88,519.973,218.046,243.163,499.428,186.247,261.834,478.228,158.843,161.239,602.076,242.826,167.219,524.866,240.771,148.601,557.515,255.386,-30.7496,474.094,153.766,-33.2347,482.759,179.61,11.3682,479.522,180.009,8.68435,472.292,152.943
236.737,174.79,54.7713,300.829,170.798,43.2029,271.689,327.107,76.8735,250.478,246.707,53.9485,312.15,237.842,56.5753,327.193,325.611,76.4385,293.708,423.371,4.85422,336.06,409.97,73.1797,239.512,459.341,158.827,209.336,478.654,188.179,186.023,500.046,217.569,221.054,519.855,217.842,243.288,499.283,186.027,261.916,478.061,158.611,161.436,602.008,242.638,167.415,524.791,240.602,148.826,557.454,255.237,-30.6303,474.136,153.761,-33.1048,482.801,179.607,11.4932,479.555,179.986,8.79034,472.303,152.925
236.75,174.507,54.4529,300.845,170.548,42.8703,271.658,326.837,76.6054,250.465,246.43,53.6468,312.138,237.592,56.259,327.139,325.356,76.1408,293.615,423.144,4.61835,336.009,409.713,72.9084,239.572,459.194,158.609,209.444,478.537,187.985,186.176,499.953,217.391,221.226,519.734,217.637,243.412,499.135,185.804,261.995,477.892,158.374,161.631,601.937,242.45,167.609,524.713,240.433,149.049,557.389,255.088,-30.513,474.177,153.754,-32.9767,482.841,179.603,11.616,479.587,179.961,8.89451,472.311,152.906
236.765,174.224,54.1152,300.864,170.301,42.5189,271.627,326.568,76.3279,250.455,246.154,53.3276,312.128,237.344,55.9271,327.084,325.102,75.8326,293.518,422.922,4.37676,335.956,409.458,72.6303,239.631,459.045,158.388,209.55,478.417,187.788,186.328,499.856,217.211,221.397,519.609,217.43,243.534,498.984,185.578,262.073,477.722,158.134,161.824,601.862,242.263,167.802,524.63,240.262,149.271,557.32,254.938,-30.3976,474.215,153.747,-32.8507,482.879,179.598,11.7367,479.617,179.935,8.99684,472.318,152.887
236.782,173.942,53.7575,300.885,170.057,42.1482,271.595,326.298,76.0409,250.449,245.879,52.9909,312.119,237.099,55.5793,327.031,324.85,75.5136,293.419,422.704,4.12929,335.902,409.207,72.3453,239.689,458.895,158.163,209.654,478.294,187.588,186.479,499.755,217.029,221.566,519.481,217.221,243.654,498.831,185.35,262.15,477.551,157.89,162.016,601.784,242.076,167.992,524.545,240.09,149.49,557.248,254.789,-30.2841,474.251,153.738,-32.7266,482.914,179.591,11.8552,479.645,179.907,9.09733,472.322,152.867
236.801,173.662,53.3794,300.909,169.817,41.7579,271.564,326.028,75.7444,250.446,245.605,52.6367,312.112,236.858,55.2149,326.979,324.6,75.1832,293.317,422.49,3.87577,335.845,408.959,72.0531,239.746,458.743,157.933,209.758,478.169,187.384,186.629,499.652,216.845,221.734,519.349,217.011,243.773,498.676,185.119,262.225,477.379,157.643,162.205,601.702,241.89,168.181,524.455,239.917,149.707,557.173,254.639,-30.1727,474.286,153.729,-32.6045,482.948,179.584,11.9716,479.672,179.879,9.19597,472.324,152.847
236.824,173.384,52.9808,300.936,169.582,41.3474,271.534,325.76,75.4386,250.447,245.333,52.2652,312.107,236.62,54.8338,326.928,324.353,74.8413,293.213,422.283,3.6161,335.787,408.714,71.7535,239.801,458.591,157.7,209.86,478.042,187.178,186.777,499.545,216.659,221.901,519.214,216.8,243.891,498.518,184.886,262.298,477.205,157.392,162.394,601.617,241.704,168.368,524.363,239.743,149.923,557.093,254.489,-30.0632,474.318,153.718,-32.4844,482.98,179.575,12.0857,479.697,179.849,9.29278,472.325,152.826
236.85,173.108,52.5615,300.966,169.351,40.9167,271.504,325.493,75.1236,250.451,245.064,51.877,312.104,236.386,54.4358,326.879,324.108,74.4874,293.106,422.08,3.35021,335.728,408.474,71.4464,239.856,458.437,157.462,209.96,477.912,186.968,186.924,499.436,216.471,222.066,519.076,216.588,244.007,498.359,184.651,262.371,477.03,157.138,162.58,601.529,241.519,168.554,524.267,239.569,150.136,557.011,254.339,-29.9557,474.349,153.707,-32.3664,483.01,179.566,12.1977,479.721,179.818,9.38774,472.323,152.805
236.879,172.835,52.1216,301,169.125,40.4657,271.475,325.227,74.7997,250.459,244.797,51.4727,312.104,236.156,54.0206,326.833,323.866,74.1214,292.997,421.884,3.07808,335.668,408.238,71.1317,239.909,458.282,157.22,210.06,477.781,186.756,187.069,499.323,216.281,222.23,518.935,216.374,244.122,498.197,184.413,262.442,476.855,156.881,162.765,601.438,241.335,168.737,524.167,239.393,150.347,556.925,254.19,-29.8503,474.377,153.695,-32.2505,483.039,179.555,12.3075,479.744,179.785,9.48086,472.32,152.783
236.911,172.565,51.6612,301.036,168.904,39.9945,271.448,324.964,74.4672,250.47,244.533,51.053,312.107,235.931,53.5884,326.788,323.628,73.743,292.886,421.693,2.79974,335.607,408.008,70.8092,239.962,458.127,156.975,210.159,477.647,186.541,187.213,499.207,216.09,222.392,518.791,216.159,244.235,498.034,184.173,262.513,476.679,156.62,162.948,601.344,241.152,168.918,524.065,239.217,150.555,556.836,254.04,-29.747,474.404,153.682,-32.1366,483.065,179.544,12.4152,479.765,179.751,9.57215,472.315,152.76
236.947,172.298,51.181,301.077,168.689,39.5032,271.423,324.702,74.1267,250.484,244.272,50.6189,312.113,235.711,53.1391,326.747,323.394,73.3522,292.773,421.509,2.51525,335.545,407.782,70.479,240.014,457.971,156.726,210.256,477.512,186.323,187.355,499.089,215.896,222.553,518.644,215.943,244.347,497.87,183.931,262.582,476.503,156.357,163.129,601.246,240.971,169.098,523.959,239.041,150.762,556.744,253.891,-29.6457,474.428,153.669,-32.0249,483.089,179.532,12.5207,479.785,179.717,9.66161,472.308,152.737
236.988,172.035,50.6816,301.12,168.481,38.9925,271.401,324.444,73.7785,250.502,244.014,50.1716,312.122,235.496,52.6732,326.71,323.164,72.949,292.659,421.332,2.22477,335.483,407.562,70.1411,240.066,457.814,156.473,210.352,477.375,186.103,187.497,498.968,215.702,222.712,518.495,215.726,244.458,497.704,183.687,262.65,476.327,156.09,163.309,601.146,240.791,169.275,523.85,238.864,150.966,556.648,253.742,-29.5465,474.451,153.655,-31.9153,483.111,179.519,12.6241,479.803,179.68,9.74924,472.3,152.714
237.032,171.776,50.1639,301.167,168.278,38.4627,271.381,324.188,73.4233,250.523,243.76,49.7124,312.134,235.288,52.1909,326.676,322.938,72.5333,292.543,421.161,1.92847,335.421,407.347,69.7956,240.117,457.658,156.218,210.447,477.236,185.88,187.636,498.844,215.505,222.869,518.343,215.509,244.568,497.537,183.442,262.718,476.15,155.821,163.488,601.044,240.612,169.451,523.739,238.686,151.167,556.55,253.593,-29.4494,474.471,153.64,-31.8078,483.131,179.506,12.7253,479.82,179.643,9.83506,472.289,152.69
237.08,171.521,49.6291,301.217,168.083,37.9148,271.364,323.935,73.0619,250.546,243.511,49.2428,312.151,235.084,51.693,326.646,322.717,72.1053,292.427,420.997,1.62662,335.359,407.138,69.4426,240.168,457.501,155.959,210.542,477.096,185.655,187.774,498.718,215.308,223.025,518.189,215.291,244.677,497.369,183.195,262.785,475.974,155.55,163.664,600.938,240.435,169.624,523.625,238.509,151.366,556.449,253.445,-29.3544,474.49,153.624,-31.7025,483.149,179.491,12.8244,479.835,179.605,9.91907,472.277,152.666
237.134,171.271,49.0786,301.271,167.894,37.3499,271.351,323.687,72.6949,250.573,243.266,48.7644,312.171,234.888,51.18,326.621,322.501,71.6655,292.31,420.839,1.31953,335.297,406.936,69.0824,240.218,457.344,155.697,210.635,476.955,185.429,187.911,498.59,215.109,223.179,518.032,215.072,244.784,497.2,182.947,262.851,475.798,155.277,163.84,600.83,240.26,169.795,523.508,238.331,151.563,556.345,253.297,-29.2615,474.506,153.608,-31.5993,483.165,179.476,12.9215,479.849,179.566,10.0013,472.264,152.641
237.191,171.026,48.5141,301.328,167.712,36.769,271.341,323.442,72.3232,250.601,243.025,48.279,312.195,234.697,50.6529,326.6,322.29,71.2141,292.192,420.688,1.00756,335.237,406.739,68.7152,240.268,457.187,155.433,210.728,476.813,185.2,188.046,498.46,214.909,223.332,517.874,214.853,244.89,497.031,182.697,262.917,475.623,155.001,164.013,600.72,240.087,169.964,523.389,238.153,151.757,556.239,253.15,-29.1707,474.521,153.591,-31.4983,483.179,179.46,13.0164,479.861,179.525,10.0817,472.249,152.616
237.254,170.786,47.9375,301.388,167.538,36.1736,271.336,323.202,71.9478,250.633,242.789,47.7886,312.223,234.514,50.1128,326.585,322.085,70.7518,292.075,420.544,0.691156,335.177,406.549,68.3414,240.319,457.031,155.167,210.82,476.67,184.97,188.18,498.327,214.708,223.483,517.714,214.634,244.995,496.861,182.448,262.983,475.448,154.725,164.185,600.608,239.916,170.131,523.268,237.976,151.948,556.13,253.004,-29.0821,474.533,153.574,-31.3996,483.191,179.444,13.1093,479.872,179.484,10.1603,472.232,152.591
237.321,170.552,47.351,301.452,167.371,35.5655,271.336,322.967,71.5695,250.667,242.558,47.2951,312.255,234.337,49.5608,326.575,321.885,70.2792,291.957,420.407,0.37081,335.119,406.365,67.9615,240.369,456.876,154.899,210.91,476.526,184.739,188.313,498.193,214.507,223.632,517.553,214.415,245.1,496.691,182.197,263.048,475.275,154.447,164.355,600.494,239.747,170.296,523.144,237.798,152.137,556.02,252.858,-28.9956,474.543,153.556,-31.303,483.201,179.427,13.2002,479.881,179.442,10.2372,472.214,152.566
237.392,170.323,46.7569,301.518,167.212,34.9465,271.34,322.737,71.1895,250.702,242.333,46.8008,312.292,234.167,48.9985,326.571,321.692,69.7971,291.84,420.276,0.0470776,335.062,406.187,67.5759,240.42,456.721,154.629,211.001,476.381,184.507,188.443,498.058,214.306,223.78,517.391,214.197,245.203,496.522,181.947,263.113,475.102,154.169,164.524,600.378,239.581,170.458,523.019,237.621,152.322,555.907,252.714,-28.9113,474.552,153.538,-31.2086,483.209,179.41,13.289,479.889,179.399,10.3122,472.194,152.54
237.468,170.101,46.158,301.587,167.061,34.3187,271.35,322.513,70.8088,250.74,242.113,46.3079,312.333,234.004,48.4274,326.573,321.505,69.3066,291.724,420.152,-0.279428,335.008,406.017,67.1854,240.47,456.567,154.359,211.09,476.237,184.274,188.573,497.921,214.104,223.925,517.227,213.979,245.305,496.353,181.696,263.178,474.931,153.891,164.691,600.261,239.417,170.618,522.892,237.445,152.505,555.792,252.57,-28.8291,474.558,153.519,-31.1165,483.215,179.392,13.3759,479.895,179.356,10.3855,472.173,152.514
237.549,169.885,45.557,301.658,166.917,33.6843,271.366,322.296,70.4285,250.78,241.899,45.8187,312.378,233.848,47.8492,326.581,321.324,68.8088,291.609,420.034,-0.60804,334.956,405.852,66.7904,240.522,456.414,154.088,211.179,476.092,184.041,188.701,497.783,213.902,224.069,517.063,213.762,245.407,496.184,181.446,263.243,474.762,153.613,164.856,600.142,239.256,170.776,522.763,237.27,152.685,555.676,252.428,-28.7491,474.562,153.501,-31.0267,483.219,179.374,13.4607,479.9,179.312,10.4571,472.151,152.488
237.634,169.675,44.957,301.732,166.781,33.0459,271.387,322.084,70.0498,250.821,241.691,45.3356,312.427,233.7,47.2658,326.595,321.149,68.305,291.496,419.922,-0.938038,334.907,405.695,66.392,240.574,456.262,153.817,211.268,475.947,183.808,188.827,497.644,213.701,224.211,516.898,213.546,245.507,496.016,181.197,263.309,474.594,153.335,165.019,600.022,239.098,170.931,522.633,237.095,152.862,555.558,252.287,-28.6713,474.565,153.481,-30.9391,483.221,179.355,13.5436,479.903,179.268,10.5269,472.127,152.463
237.722,169.473,44.3609,301.807,166.652,32.406,271.415,321.88,69.6738,250.863,241.489,44.861,312.481,233.559,46.6794,326.616,320.982,67.7965,291.384,419.816,-1.26866,334.86,405.544,65.9907,240.626,456.112,153.547,211.355,475.803,183.576,188.952,497.504,213.5,224.352,516.733,213.331,245.607,495.849,180.949,263.374,474.428,153.059,165.181,599.901,238.942,171.083,522.502,236.921,153.036,555.438,252.147,-28.5956,474.565,153.462,-30.8537,483.222,179.337,13.6245,479.904,179.223,10.5949,472.102,152.437
237.814,169.278,43.772,301.884,166.531,31.7674,271.449,321.683,69.3017,250.907,241.293,44.3972,312.538,233.425,46.092,326.643,320.821,67.285,291.275,419.715,-1.59909,334.817,405.399,65.5877,240.679,455.964,153.277,211.443,475.658,183.344,189.075,497.364,213.301,224.49,516.568,213.118,245.706,495.684,180.703,263.44,474.264,152.784,165.34,599.779,238.789,171.234,522.37,236.749,153.206,555.318,252.009,-28.5221,474.564,153.443,-30.7707,483.22,179.318,13.7035,479.904,179.178,10.6612,472.076,152.411
237.909,169.09,43.1936,301.961,166.417,31.1331,271.489,321.493,68.9347,250.951,241.103,43.9467,312.6,233.298,45.5059,326.676,320.667,66.772,291.169,419.62,-1.92849,334.777,405.261,65.1838,240.733,455.817,153.009,211.529,475.515,183.114,189.197,497.223,213.102,224.627,516.403,212.906,245.804,495.52,180.459,263.506,474.102,152.512,165.497,599.656,238.64,171.381,522.237,236.579,153.374,555.196,251.873,-28.4507,474.56,153.423,-30.6899,483.216,179.299,13.7805,479.902,179.133,10.7258,472.048,152.385
238.007,168.91,42.6289,302.04,166.31,30.5058,271.535,321.311,68.5738,250.996,240.92,43.5115,312.665,233.178,44.9236,326.716,320.52,66.2594,291.066,419.529,-2.25598,334.741,405.13,64.7802,240.787,455.672,152.743,211.615,475.372,182.885,189.317,497.082,212.905,224.761,516.239,212.697,245.901,495.357,180.217,263.572,473.943,152.242,165.652,599.532,238.493,171.526,522.104,236.409,153.538,555.074,251.738,-28.3816,474.555,153.404,-30.6115,483.211,179.279,13.8556,479.899,179.089,10.7886,472.019,152.359
238.107,168.737,42.0809,302.118,166.21,29.8887,271.589,321.138,68.2202,251.041,240.744,43.0939,312.733,233.064,44.3473,326.762,320.38,65.7489,290.967,419.443,-2.58067,334.709,405.004,64.378,240.842,455.529,152.48,211.701,475.23,182.658,189.435,496.941,212.709,224.894,516.075,212.49,245.997,495.197,179.977,263.639,473.786,151.976,165.805,599.409,238.35,171.668,521.97,236.242,153.699,554.951,251.606,-28.3146,474.548,153.384,-30.5353,483.204,179.26,13.9288,479.894,179.044,10.8497,471.989,152.333
238.208,168.572,41.5529,302.197,166.116,29.2847,271.648,320.973,67.8749,251.086,240.574,42.6959,312.805,232.957,43.7796,326.814,320.246,65.2426,290.872,419.36,-2.90164,334.681,404.885,63.9782,240.899,455.388,152.219,211.786,475.089,182.433,189.552,496.801,212.516,225.024,515.912,212.286,246.093,495.038,179.741,263.706,473.633,151.713,165.956,599.285,238.21,171.807,521.836,236.077,153.856,554.828,251.475,-28.2499,474.539,153.364,-30.4615,483.195,179.241,14.0001,479.887,179,10.909,471.958,152.308
238.31,168.415,41.0475,302.274,166.028,28.6965,271.714,320.817,67.539,251.131,240.412,42.3193,312.878,232.857,43.2228,326.872,320.12,64.7423,290.781,419.282,-3.21797,334.657,404.771,63.5822,240.956,455.25,151.962,211.871,474.95,182.211,189.667,496.66,212.325,225.153,515.751,212.084,246.187,494.882,179.508,263.774,473.481,151.455,166.104,599.161,238.073,171.943,521.703,235.914,154.01,554.704,251.346,-28.1873,474.528,153.345,-30.3901,483.184,179.222,14.0695,479.879,178.956,10.9666,471.926,152.283
238.413,168.266,40.5675,302.351,165.946,28.1272,271.787,320.67,67.2134,251.176,240.256,41.9656,312.955,232.762,42.6793,326.935,320,64.2501,290.695,419.207,-3.52874,334.637,404.663,63.191,241.014,455.114,151.709,211.955,474.812,181.992,189.78,496.52,212.136,225.279,515.591,211.886,246.281,494.728,179.28,263.842,473.333,151.201,166.249,599.037,237.94,172.077,521.569,235.754,154.161,554.58,251.22,-28.127,474.515,153.326,-30.321,483.172,179.202,14.1369,479.869,178.912,11.0224,471.893,152.258
238.515,168.125,40.115,302.426,165.869,27.5791,271.866,320.531,66.8989,251.22,240.106,41.6361,313.033,232.673,42.1513,327.003,319.886,63.7678,290.615,419.135,-3.83307,334.623,404.56,62.8061,241.072,454.98,151.461,212.038,474.675,181.776,189.891,496.381,211.95,225.403,515.432,211.691,246.374,494.577,179.055,263.911,473.188,150.953,166.392,598.914,237.81,172.207,521.436,235.596,154.307,554.457,251.096,-28.0688,474.501,153.307,-30.2543,483.157,179.184,14.2024,479.857,178.87,11.0765,471.859,152.234
238.616,167.991,39.6922,302.5,165.797,27.0548,271.95,320.402,66.5963,251.263,239.964,41.332,313.113,232.589,41.6411,327.076,319.779,63.2974,290.54,419.065,-4.13006,334.613,404.462,62.4285,241.132,454.849,151.218,212.121,474.541,181.565,190,496.243,211.768,225.525,515.275,211.5,246.466,494.428,178.835,263.98,473.046,150.71,166.531,598.792,237.684,172.335,521.303,235.44,154.45,554.333,250.974,-28.0129,474.485,153.288,-30.19,483.141,179.165,14.266,479.843,178.828,11.1288,471.823,152.21
238.716,167.865,39.3005,302.571,165.729,26.5563,272.041,320.281,66.3063,251.306,239.828,41.054,313.193,232.51,41.1506,327.154,319.678,62.8407,290.471,418.997,-4.41887,334.607,404.369,62.0595,241.192,454.721,150.981,212.203,474.408,181.357,190.108,496.106,211.588,225.644,515.12,211.313,246.557,494.282,178.62,264.05,472.907,150.474,166.668,598.669,237.561,172.459,521.171,235.288,154.589,554.211,250.855,-27.9592,474.467,153.27,-30.1281,483.124,179.147,14.3276,479.828,178.787,11.1793,471.787,152.187
238.813,167.747,38.941,302.64,165.665,26.0855,272.136,320.169,66.0294,251.346,239.699,40.8024,313.275,232.435,40.6815,327.234,319.582,62.3995,290.408,418.932,-4.69873,334.606,404.281,61.7003,241.253,454.595,150.749,212.285,474.277,181.154,190.213,495.97,211.412,225.761,514.968,211.13,246.647,494.14,178.41,264.12,472.772,150.244,166.802,598.548,237.442,172.58,521.041,235.139,154.725,554.088,250.739,-27.9077,474.447,153.252,-30.0686,483.105,179.129,14.3872,479.811,178.748,11.2281,471.75,152.164
238.908,167.635,38.6145,302.706,165.604,25.6438,272.237,320.066,65.7662,251.386,239.577,40.5775,313.357,232.365,40.2354,327.318,319.492,61.9752,290.352,418.868,-4.9689,334.61,404.197,61.352,241.314,454.473,150.524,212.366,474.148,180.955,190.316,495.835,211.24,225.875,514.817,210.951,246.735,494,178.205,264.19,472.639,150.022,166.933,598.428,237.326,172.698,520.911,234.993,154.856,553.967,250.625,-27.8585,474.426,153.234,-30.0116,483.084,179.111,14.4448,479.792,178.709,11.275,471.712,152.142
239,167.531,38.3212,302.769,165.546,25.2324,272.342,319.971,65.5168,251.424,239.46,40.3789,313.438,232.298,39.8136,327.405,319.407,61.5693,290.302,418.805,-5.22872,334.619,404.116,61.0155,241.376,454.353,150.306,212.445,474.021,180.761,190.418,495.702,211.072,225.987,514.67,210.777,246.823,493.863,178.007,264.26,472.51,149.806,167.06,598.309,237.215,172.812,520.782,234.85,154.984,553.846,250.515,-27.8116,474.403,153.217,-29.957,483.062,179.094,14.5004,479.771,178.672,11.3201,471.673,152.121
239.088,167.433,38.0608,302.83,165.49,24.8518,272.452,319.884,65.2816,251.461,239.35,40.2061,313.519,232.234,39.417,327.494,319.326,61.183,290.26,418.743,-5.47765,334.631,404.039,60.6919,241.438,454.236,150.094,212.524,473.897,180.573,190.516,495.57,210.908,226.096,514.524,210.607,246.909,493.73,177.814,264.33,472.385,149.599,167.184,598.191,237.107,172.923,520.655,234.711,155.107,553.727,250.407,-27.7669,474.379,153.2,-29.9049,483.039,179.077,14.554,479.749,178.637,11.3634,471.634,152.1
239.173,167.341,37.8327,302.887,165.436,24.5025,272.565,319.805,65.0606,251.497,239.245,40.0582,313.6,232.173,39.0463,327.584,319.25,60.8171,290.223,418.682,-5.71521,334.649,403.965,60.3819,241.501,454.121,149.891,212.602,473.775,180.39,190.613,495.44,210.749,226.202,514.382,210.442,246.993,493.6,177.627,264.4,472.262,149.399,167.304,598.075,237.002,173.031,520.529,234.575,155.227,553.609,250.302,-27.7245,474.354,153.184,-29.8553,483.014,179.061,14.6054,479.725,178.603,11.4048,471.593,152.08
239.254,167.254,37.6358,302.941,165.383,24.1844,272.681,319.732,64.8538,251.532,239.146,39.9341,313.679,232.115,38.7019,327.675,319.178,60.4725,290.194,418.621,-5.94106,334.67,403.893,60.0862,241.563,454.01,149.694,212.678,473.655,180.212,190.707,495.312,210.594,226.306,514.242,210.282,247.076,493.473,177.447,264.47,472.143,149.208,167.421,597.96,236.901,173.134,520.406,234.444,155.342,553.492,250.2,-27.6844,474.326,153.168,-29.8083,482.988,179.045,14.6548,479.699,178.571,11.4443,471.552,152.06
239.33,167.173,37.4687,302.993,165.331,23.8968,272.799,319.667,64.661,251.565,239.053,39.8324,313.756,232.058,38.3838,327.767,319.109,60.1495,290.172,418.561,-6.15495,334.694,403.824,59.8054,241.625,453.901,149.506,212.754,473.537,180.04,190.798,495.186,210.443,226.406,514.105,210.128,247.158,493.349,177.274,264.539,472.027,149.025,167.534,597.847,236.804,173.235,520.283,234.316,155.453,553.377,250.102,-27.6466,474.298,153.153,-29.7638,482.961,179.03,14.7019,479.672,178.541,11.4819,471.51,152.042
239.403,167.097,37.3296,303.041,165.28,23.6391,272.919,319.607,64.482,251.597,238.963,39.7515,313.832,232.003,38.0918,327.859,319.043,59.8483,290.155,418.502,-6.3568,334.723,403.758,59.5399,241.687,453.796,149.325,212.827,473.422,179.874,190.887,495.061,210.298,226.503,513.971,209.978,247.237,493.229,177.107,264.608,471.914,148.85,167.644,597.735,236.711,173.331,520.163,234.191,155.559,553.263,250.006,-27.6111,474.268,153.139,-29.7218,482.932,179.015,14.7469,479.643,178.513,11.5176,471.468,152.024
239.471,167.024,37.2166,303.086,165.229,23.4101,273.041,319.553,64.3166,251.629,238.879,39.6896,313.907,231.949,37.8253,327.95,318.98,59.5688,290.145,418.442,-6.54661,334.754,403.693,59.2897,241.748,453.692,149.152,212.9,473.309,179.714,190.973,494.939,210.157,226.597,513.84,209.834,247.315,493.112,176.946,264.676,471.804,148.684,167.749,597.626,236.621,173.424,520.045,234.071,155.662,553.15,249.914,-27.5779,474.237,153.125,-29.6825,482.902,179.002,14.7896,479.612,178.486,11.5514,471.425,152.007
239.536,166.956,37.1274,303.129,165.179,23.2083,273.162,319.504,64.1642,251.66,238.798,39.6451,313.978,231.897,37.5835,328.04,318.919,59.3108,290.141,418.383,-6.72453,334.788,403.629,59.0549,241.809,453.592,148.986,212.97,473.199,179.559,191.056,494.818,210.021,226.687,513.712,209.694,247.39,492.998,176.792,264.743,471.697,148.526,167.85,597.518,236.535,173.513,519.928,233.955,155.76,553.04,249.825,-27.5471,474.205,153.112,-29.6457,482.872,178.988,14.83,479.579,178.462,11.5831,471.381,151.991
239.596,166.89,37.0599,303.169,165.128,23.0321,273.283,319.459,64.0245,251.69,238.722,39.6158,314.048,231.845,37.3653,328.129,318.861,59.0735,290.142,418.324,-6.89082,334.825,403.568,58.8355,241.868,453.494,148.829,213.039,473.091,179.411,191.137,494.7,209.89,226.775,513.586,209.561,247.463,492.887,176.645,264.809,471.593,148.376,167.947,597.412,236.453,173.598,519.814,233.843,155.853,552.931,249.74,-27.5187,474.171,153.1,-29.6116,482.84,178.976,14.868,479.545,178.44,11.6129,471.337,151.976
239.653,166.828,37.0116,303.206,165.078,22.8795,273.402,319.418,63.897,251.72,238.648,39.6,314.116,231.794,37.1696,328.215,318.804,58.8563,290.148,418.266,-7.04588,334.863,403.507,58.6309,241.927,453.399,148.679,213.106,472.986,179.268,191.214,494.583,209.764,226.858,513.464,209.432,247.534,492.78,176.505,264.873,471.492,148.234,168.041,597.308,236.375,173.679,519.702,233.735,155.942,552.825,249.657,-27.4927,474.137,153.089,-29.5801,482.807,178.964,14.9037,479.51,178.42,11.6406,471.292,151.962
239.706,166.768,36.9802,303.241,165.027,22.7487,273.519,319.379,63.7811,251.75,238.578,39.5958,314.18,231.743,36.9948,328.3,318.749,58.6581,290.158,418.207,-7.19018,334.902,403.448,58.4408,241.984,453.307,148.537,213.17,472.882,179.131,191.288,494.469,209.643,226.938,513.345,209.308,247.603,492.675,176.371,264.936,471.394,148.101,168.129,597.206,236.299,173.756,519.592,233.631,156.027,552.72,249.579,-27.469,474.101,153.078,-29.5513,482.774,178.953,14.9368,479.472,178.402,11.6663,471.247,151.948
239.756,166.71,36.9632,303.273,164.976,22.6374,273.633,319.343,63.6762,251.779,238.511,39.6012,314.242,231.693,36.8394,328.382,318.696,58.4777,290.171,418.15,-7.32432,334.943,403.391,58.2645,242.039,453.216,148.401,213.233,472.781,179,191.359,494.356,209.526,227.014,513.229,209.189,247.668,492.574,176.243,264.997,471.299,147.974,168.214,597.106,236.228,173.829,519.485,233.531,156.107,552.617,249.503,-27.4478,474.065,153.068,-29.5252,482.74,178.943,14.9675,479.434,178.387,11.6899,471.201,151.936
239.803,166.654,36.9583,303.304,164.925,22.5434,273.743,319.309,63.5816,251.808,238.446,39.6144,314.302,231.644,36.7016,328.461,318.644,58.3138,290.188,418.093,-7.44894,334.984,403.334,58.1012,242.092,453.129,148.273,213.293,472.683,178.874,191.427,494.246,209.415,227.087,513.115,209.076,247.732,492.475,176.121,265.056,471.206,147.856,168.294,597.008,236.16,173.898,519.379,233.436,156.183,552.516,249.431,-27.429,474.028,153.059,-29.5018,482.705,178.934,14.9955,479.393,178.374,11.7114,471.156,151.925
239.848,166.599,36.9634,303.333,164.874,22.4645,273.849,319.276,63.4966,251.837,238.383,39.6337,314.359,231.595,36.5797,328.537,318.594,58.1649,290.206,418.036,-7.56479,335.024,403.279,57.95,242.143,453.043,148.151,213.35,472.586,178.754,191.491,494.137,209.308,227.156,513.005,208.967,247.792,492.379,176.006,265.113,471.115,147.744,168.37,596.912,236.095,173.963,519.276,233.344,156.254,552.417,249.362,-27.4127,473.99,153.051,-29.4811,482.669,178.925,15.021,479.352,178.363,11.7307,471.109,151.914
239.889,166.546,36.9764,303.36,164.823,22.3984,273.949,319.244,63.4206,251.866,238.323,39.6575,314.412,231.547,36.4718,328.609,318.545,58.0296,290.226,417.981,-7.67264,335.064,403.225,57.8099,242.192,452.96,148.035,213.405,472.492,178.638,191.552,494.031,209.206,227.22,512.897,208.863,247.849,492.286,175.896,265.167,471.027,147.639,168.441,596.818,236.034,174.023,519.175,233.256,156.32,552.32,249.296,-27.3988,473.951,153.043,-29.4632,482.633,178.917,15.0437,479.309,178.354,11.7478,471.063,151.905
239.929,166.494,36.9951,303.385,164.772,22.3429,274.043,319.213,63.3526,251.894,238.264,39.6843,314.463,231.5,36.376,328.678,318.497,57.9063,290.246,417.927,-7.77334,335.103,403.172,57.6799,242.239,452.88,147.926,213.458,472.4,178.528,191.61,493.926,209.109,227.281,512.792,208.763,247.903,492.196,175.791,265.218,470.942,147.54,168.508,596.726,235.976,174.08,519.076,233.172,156.382,552.226,249.234,-27.3874,473.911,153.037,-29.4481,482.596,178.91,15.0637,479.264,178.348,11.7627,471.017,151.896
239.967,166.444,37.018,303.409,164.723,22.296,274.131,319.182,63.2921,251.922,238.207,39.7125,314.511,231.454,36.2906,328.743,318.451,57.7933,290.266,417.874,-7.86773,335.141,403.121,57.5588,242.282,452.801,147.821,213.507,472.31,178.422,191.664,493.823,209.016,227.337,512.689,208.668,247.954,492.108,175.692,265.267,470.859,147.446,168.571,596.636,235.922,174.132,518.98,233.093,156.439,552.133,249.175,-27.3785,473.871,153.031,-29.4357,482.56,178.903,15.081,479.219,178.344,11.7754,470.97,151.889
240.003,166.394,37.0432,303.431,164.674,22.2555,274.211,319.15,63.2381,251.949,238.153,39.7411,314.556,231.409,36.2136,328.804,318.407,57.689,290.285,417.823,-7.95672,335.176,403.072,57.4455,242.323,452.725,147.722,213.553,472.222,178.321,191.714,493.722,208.927,227.389,512.59,208.577,248.001,492.023,175.598,265.313,470.779,147.358,168.629,596.549,235.871,174.18,518.886,233.016,156.492,552.043,249.119,-27.3721,473.83,153.026,-29.4261,482.522,178.898,15.0954,479.172,178.342,11.7858,470.923,151.882
240.038,166.345,37.0693,303.452,164.626,22.2195,274.284,319.119,63.1899,251.976,238.099,39.7687,314.599,231.365,36.1434,328.86,318.365,57.5918,290.303,417.774,-8.04117,335.208,403.025,57.3388,242.361,452.65,147.627,213.597,472.136,178.224,191.761,493.623,208.843,227.437,512.492,208.491,248.045,491.94,175.508,265.355,470.701,147.275,168.683,596.463,235.823,174.224,518.794,232.944,156.54,551.954,249.066,-27.3683,473.789,153.022,-29.4194,482.485,178.893,15.1069,479.124,178.343,11.7939,470.876,151.876
240.071,166.298,37.0951,303.471,164.58,22.1862,274.348,319.087,63.1468,252.002,238.048,39.7944,314.638,231.323,36.0782,328.912,318.325,57.5003,290.318,417.727,-8.12197,335.238,402.98,57.2375,242.395,452.578,147.536,213.637,472.052,178.131,191.803,493.526,208.762,227.481,512.397,208.408,248.085,491.859,175.423,265.395,470.625,147.196,168.732,596.379,235.778,174.263,518.704,232.875,156.584,551.868,249.016,-27.367,473.748,153.018,-29.4154,482.447,178.889,15.1155,479.076,178.346,11.7996,470.83,151.872
240.103,166.251,37.1194,303.49,164.536,22.154,274.403,319.054,63.108,252.027,237.998,39.8174,314.674,231.283,36.0165,328.96,318.288,57.4129,290.33,417.682,-8.19997,335.265,402.937,57.1405,242.427,452.508,147.449,213.674,471.97,178.042,191.843,493.431,208.686,227.521,512.305,208.328,248.122,491.781,175.341,265.431,470.551,147.12,168.776,596.297,235.736,174.299,518.617,232.81,156.623,551.784,248.97,-27.3682,473.706,153.016,-29.4143,482.41,178.885,15.1211,479.026,178.35,11.803,470.783,151.868
240.134,166.206,37.1413,303.507,164.494,22.1215,274.45,319.021,63.0727,252.05,237.949,39.8369,314.707,231.246,35.9568,329.003,318.252,57.3283,290.338,417.64,-8.27596,335.288,402.897,57.0468,242.455,452.44,147.365,213.707,471.89,177.956,191.878,493.337,208.613,227.556,512.214,208.252,248.155,491.705,175.264,265.463,470.48,147.049,168.817,596.218,235.697,174.33,518.531,232.749,156.657,551.701,248.926,-27.372,473.665,153.014,-29.4161,482.372,178.883,15.1237,478.976,178.357,11.8041,470.737,151.865
240.164,166.162,37.16,303.522,164.455,22.0873,274.487,318.987,63.0404,252.073,237.902,39.8524,314.737,231.21,35.8979,329.042,318.22,57.2453,290.342,417.601,-8.35071,335.306,402.86,56.9554,242.479,452.375,147.285,213.737,471.811,177.873,191.909,493.245,208.543,227.586,512.126,208.18,248.184,491.631,175.19,265.492,470.412,146.98,168.852,596.14,235.661,174.357,518.448,232.69,156.687,551.621,248.885,-27.3783,473.623,153.013,-29.4207,482.335,178.881,15.1233,478.924,178.365,11.8027,470.691,151.862
240.193,166.12,37.175,303.537,164.418,22.0503,274.516,318.953,63.0103,252.093,237.857,39.8633,314.764,231.177,35.8385,329.075,318.191,57.1627,290.341,417.564,-8.4249,335.321,402.826,56.8653,242.5,452.311,147.206,213.764,471.734,177.794,191.937,493.155,208.477,227.612,512.04,208.11,248.21,491.559,175.119,265.517,470.345,146.914,168.884,596.064,235.627,174.38,518.366,232.635,156.713,551.543,248.848,-27.3873,473.581,153.012,-29.4281,482.297,178.879,15.1198,478.873,178.376,11.7988,470.645,151.861
240.221,166.079,37.1858,303.55,164.384,22.0097,274.534,318.919,62.982,252.113,237.814,39.8694,314.788,231.147,35.7776,329.105,318.165,57.0795,290.335,417.531,-8.49917,335.332,402.795,56.7757,242.517,452.249,147.13,213.787,471.659,177.717,191.961,493.066,208.415,227.634,511.956,208.043,248.232,491.489,175.051,265.538,470.281,146.85,168.911,595.99,235.597,174.399,518.287,232.583,156.734,551.467,248.813,-27.3988,473.539,153.013,-29.4384,482.26,178.878,15.1132,478.821,178.388,11.7926,470.6,151.86
240.248,166.039,37.1921,303.562,164.353,21.9647,274.543,318.884,62.9547,252.13,237.773,39.8705,314.809,231.12,35.7145,329.129,318.142,56.9949,290.323,417.501,-8.57404,335.338,402.768,56.686,242.53,452.189,147.056,213.807,471.586,177.642,191.981,492.979,208.355,227.651,511.874,207.979,248.249,491.422,174.986,265.555,470.22,146.787,168.933,595.917,235.569,174.414,518.209,232.534,156.75,551.392,248.78,-27.4129,473.497,153.014,-29.4515,482.224,178.878,15.1035,478.768,178.402,11.7838,470.555,151.861
240.275,166.002,37.1938,303.573,164.326,21.9147,274.543,318.849,62.9281,252.145,237.733,39.8664,314.827,231.097,35.6484,329.149,318.122,56.9082,290.305,417.474,-8.64997,335.339,402.744,56.5954,242.54,452.132,146.984,213.823,471.514,177.57,191.997,492.893,208.298,227.664,511.794,207.918,248.263,491.356,174.923,265.569,470.16,146.727,168.952,595.847,235.544,174.424,518.134,232.489,156.763,551.319,248.751,-27.4295,473.455,153.015,-29.4675,482.188,178.879,15.0907,478.716,178.418,11.7726,470.51,151.861
240.3,165.966,37.1909,303.582,164.302,21.8595,274.534,318.814,62.9018,252.159,237.696,39.8571,314.842,231.076,35.5788,329.165,318.106,56.8189,290.282,417.451,-8.72732,335.336,402.723,56.5035,242.546,452.076,146.912,213.835,471.444,177.5,192.009,492.809,208.244,227.672,511.716,207.859,248.273,491.292,174.863,265.578,470.103,146.667,168.966,595.778,235.521,174.431,518.06,232.445,156.771,551.249,248.724,-27.4488,473.413,153.018,-29.4864,482.152,178.88,15.0748,478.663,178.434,11.7589,470.466,151.863
240.324,165.933,37.1833,303.59,164.282,21.7988,274.516,318.78,62.8752,252.17,237.66,39.8429,314.854,231.059,35.5053,329.176,318.094,56.7266,290.252,417.431,-8.80637,335.328,402.706,56.4099,242.548,452.022,146.842,213.844,471.376,177.432,192.017,492.727,208.192,227.676,511.639,207.802,248.279,491.229,174.805,265.584,470.048,146.609,168.976,595.71,235.501,174.434,517.988,232.405,156.774,551.18,248.699,-27.4706,473.372,153.021,-29.5081,482.117,178.881,15.0557,478.61,178.453,11.7426,470.423,151.865
240.348,165.901,37.1714,303.597,164.265,21.7326,274.489,318.746,62.8482,252.178,237.627,39.8238,314.863,231.045,35.4278,329.182,318.085,56.631,290.217,417.415,-8.88729,335.316,402.693,56.3144,242.546,451.97,146.773,213.849,471.309,177.366,192.021,492.646,208.143,227.675,511.564,207.747,248.281,491.169,174.748,265.585,469.996,146.552,168.982,595.645,235.483,174.432,517.918,232.367,156.774,551.113,248.677,-27.4951,473.332,153.024,-29.5326,482.082,178.883,15.0335,478.557,178.472,11.7239,470.381,151.868
240.37,165.871,37.1553,303.602,164.252,21.6611,274.454,318.712,62.8204,252.185,237.596,39.8001,314.869,231.035,35.3462,329.185,318.08,56.5322,290.175,417.403,-8.97017,335.299,402.683,56.2168,242.54,451.92,146.704,213.85,471.243,177.302,192.022,492.567,208.096,227.67,511.491,207.695,248.279,491.11,174.694,265.583,469.945,146.495,168.983,595.581,235.467,174.427,517.85,232.332,156.769,551.047,248.657,-27.522,473.291,153.028,-29.5599,482.048,178.886,15.0081,478.505,178.493,11.7026,470.339,151.872
240.391,165.844,37.1354,303.606,164.243,21.5844,274.412,318.68,62.7915,252.188,237.567,39.7722,314.872,231.029,35.2606,329.183,318.079,56.4301,290.127,417.394,-9.05502,335.277,402.677,56.117,242.531,451.872,146.637,213.848,471.179,177.238,192.018,492.489,208.051,227.661,511.419,207.644,248.273,491.053,174.641,265.577,469.897,146.439,168.981,595.518,235.454,174.418,517.783,232.299,156.761,550.984,248.64,-27.5516,473.252,153.033,-29.5901,482.015,178.888,14.9796,478.453,178.514,11.6787,470.298,151.876
240.411,165.819,37.112,303.609,164.237,21.5031,274.362,318.649,62.7615,252.189,237.54,39.7404,314.872,231.025,35.1712,329.177,318.081,56.325,290.074,417.388,-9.14175,335.252,402.675,56.0153,242.518,451.825,146.57,213.842,471.117,177.177,192.011,492.413,208.008,227.647,511.349,207.595,248.263,490.997,174.589,265.567,469.851,146.383,168.975,595.457,235.442,174.405,517.719,232.268,156.748,550.922,248.624,-27.5837,473.213,153.038,-29.623,481.983,178.892,14.948,478.402,178.537,11.6523,470.258,151.88
240.429,165.796,37.0855,303.611,164.235,21.4175,274.305,318.619,62.7302,252.188,237.515,39.7051,314.87,231.026,35.0783,329.167,318.087,56.2171,290.015,417.386,-9.2302,335.221,402.676,55.9116,242.501,451.781,146.503,213.832,471.056,177.116,192,492.338,207.967,227.629,511.281,207.548,248.249,490.943,174.54,265.553,469.806,146.328,168.965,595.398,235.433,174.389,517.655,232.239,156.731,550.862,248.611,-27.6183,473.174,153.043,-29.6587,481.952,178.895,14.9133,478.351,178.56,11.6234,470.218,151.885
240.446,165.776,37.0565,303.61,164.236,21.3281,274.243,318.59,62.6974,252.184,237.493,39.6667,314.865,231.029,34.9824,329.154,318.096,56.1068,289.951,417.387,-9.32016,335.187,402.68,55.8063,242.48,451.738,146.437,213.818,470.996,177.057,191.985,492.264,207.928,227.606,511.214,207.503,248.231,490.89,174.491,265.535,469.764,146.274,168.951,595.34,235.426,174.369,517.593,232.213,156.71,550.803,248.6,-27.6555,473.137,153.049,-29.6971,481.922,178.899,14.8755,478.301,178.584,11.592,470.18,151.89
240.461,165.757,37.0252,303.609,164.241,21.2358,274.174,318.564,62.6631,252.177,237.473,39.6258,314.858,231.036,34.8838,329.137,318.108,55.9947,289.882,417.392,-9.41132,335.149,402.688,55.6997,242.456,451.697,146.372,213.801,470.938,176.999,191.966,492.192,207.89,227.579,511.148,207.459,248.209,490.839,174.444,265.513,469.723,146.22,168.933,595.283,235.421,174.345,517.533,232.188,156.686,550.746,248.591,-27.6951,473.1,153.056,-29.7383,481.892,178.903,14.8348,478.252,178.609,11.558,470.143,151.896
240.475,165.741,36.9923,303.606,164.248,21.1409,274.102,318.539,62.6272,252.168,237.455,39.5827,314.847,231.045,34.7832,329.116,318.123,55.8812,289.81,417.399,-9.50335,335.107,402.698,55.5922,242.428,451.657,146.307,213.779,470.881,176.942,191.944,492.122,207.854,227.548,511.084,207.417,248.184,490.789,174.399,265.488,469.684,146.167,168.912,595.228,235.417,174.318,517.475,232.166,156.657,550.691,248.584,-27.7373,473.064,153.063,-29.7821,481.864,178.908,14.791,478.203,178.634,11.5214,470.107,151.902
240.486,165.727,36.958,303.602,164.259,21.0444,274.024,318.517,62.5898,252.156,237.439,39.538,314.835,231.058,34.6811,329.092,318.141,55.767,289.733,417.41,-9.59587,335.062,402.711,55.4843,242.397,451.619,146.244,213.755,470.826,176.886,191.918,492.053,207.82,227.513,511.021,207.376,248.154,490.74,174.355,265.459,469.647,146.114,168.887,595.175,235.415,174.287,517.418,232.145,156.625,550.637,248.579,-27.7818,473.028,153.07,-29.8286,481.837,178.912,14.7442,478.156,178.659,11.4824,470.072,151.909
240.496,165.715,36.923,303.596,164.272,20.9468,273.944,318.497,62.5509,252.141,237.425,39.492,314.819,231.072,34.5782,329.065,318.162,55.6528,289.652,417.423,-9.68845,335.014,402.727,55.3764,242.362,451.582,146.181,213.726,470.772,176.831,191.888,491.986,207.787,227.474,510.959,207.337,248.121,490.693,174.313,265.426,469.611,146.063,168.858,595.122,235.416,174.253,517.362,232.126,156.589,550.584,248.575,-27.8289,472.994,153.077,-29.8777,481.811,178.917,14.6946,478.111,178.684,11.4409,470.038,151.915
240.504,165.705,36.8875,303.589,164.287,20.8489,273.86,318.479,62.5103,252.124,237.414,39.4454,314.802,231.09,34.4752,329.035,318.185,55.5391,289.569,417.438,-9.78064,334.962,402.745,55.269,242.324,451.547,146.119,213.694,470.719,176.778,191.854,491.92,207.756,227.43,510.899,207.3,248.084,490.646,174.272,265.39,469.577,146.012,168.826,595.071,235.417,174.215,517.308,232.109,156.55,550.534,248.573,-27.8783,472.961,153.085,-29.9294,481.786,178.922,14.6421,478.066,178.71,11.3969,470.005,151.923
240.509,165.696,36.852,303.581,164.305,20.7513,273.774,318.464,62.4683,252.104,237.404,39.3984,314.782,231.109,34.3726,329.002,318.21,55.4266,289.483,417.456,-9.87199,334.907,402.766,55.1627,242.282,451.513,146.058,213.658,470.668,176.725,191.817,491.856,207.726,227.383,510.84,207.264,248.044,490.601,174.232,265.35,469.544,145.963,168.791,595.022,235.421,174.175,517.255,232.093,156.508,550.484,248.573,-27.9301,472.929,153.092,-29.9837,481.763,178.927,14.5868,478.024,178.735,11.3504,469.974,151.93
240.513,165.69,36.8169,303.571,164.324,20.6547,273.687,318.452,62.425,252.081,237.396,39.3514,314.76,231.13,34.2711,328.967,318.237,55.316,289.396,417.476,-9.96202,334.85,402.788,55.058,242.237,451.48,145.998,213.619,470.618,176.674,191.776,491.793,207.697,227.332,510.782,207.23,248,490.557,174.195,265.306,469.512,145.915,168.753,594.973,235.426,174.131,517.203,232.079,156.461,550.436,248.575,-27.9842,472.898,153.101,-30.0405,481.741,178.932,14.5288,477.982,178.76,11.3015,469.944,151.937
240.514,165.684,36.7824,303.561,164.345,20.5597,273.598,318.443,62.3803,252.057,237.39,39.3049,314.736,231.153,34.1713,328.928,318.265,55.208,289.306,417.498,-10.0502,334.791,402.811,54.9554,242.189,451.448,145.94,213.576,470.57,176.624,191.732,491.732,207.669,227.277,510.725,207.197,247.952,490.514,174.159,265.26,469.482,145.868,168.711,594.926,235.432,174.084,517.154,232.066,156.412,550.39,248.578,-28.0406,472.868,153.109,-30.0997,481.72,178.937,14.4681,477.943,178.786,11.2502,469.915,151.945
240.513,165.68,36.7488,303.548,164.367,20.4668,273.508,318.436,62.3345,252.03,237.385,39.2591,314.709,231.178,34.0738,328.887,318.295,55.1031,289.216,417.521,-10.1362,334.729,402.836,54.8555,242.137,451.418,145.883,213.53,470.522,176.575,191.685,491.672,207.642,227.218,510.67,207.166,247.902,490.472,174.124,265.21,469.452,145.823,168.666,594.881,235.44,174.034,517.105,232.055,156.359,550.345,248.583,-28.0993,472.839,153.117,-30.1614,481.7,178.943,14.4048,477.905,178.81,11.1966,469.888,151.953
240.51,165.677,36.7165,303.535,164.39,20.3766,273.418,318.432,62.2876,252,237.381,39.2144,314.681,231.203,33.9791,328.844,318.326,55.0018,289.125,417.546,-10.2195,334.665,402.862,54.7587,242.083,451.389,145.828,213.48,470.477,176.527,191.634,491.614,207.617,227.156,510.616,207.136,247.847,490.431,174.092,265.157,469.424,145.78,168.618,594.836,235.449,173.981,517.058,232.045,156.304,550.301,248.589,-28.1602,472.811,153.126,-30.2254,481.682,178.948,14.339,477.869,178.835,11.1406,469.862,151.96
240.504,165.675,36.6855,303.52,164.414,20.2894,273.328,318.43,62.2399,251.969,237.379,39.171,314.651,231.229,33.8876,328.798,318.357,54.9047,289.033,417.573,-10.2997,334.599,402.889,54.6654,242.026,451.36,145.775,213.427,470.432,176.48,191.58,491.558,207.593,227.09,510.563,207.108,247.79,490.391,174.061,265.101,469.396,145.738,168.567,594.793,235.46,173.925,517.012,232.036,156.245,550.259,248.596,-28.2233,472.785,153.135,-30.2918,481.665,178.953,14.2707,477.835,178.859,11.0823,469.837,151.968
240.496,165.674,36.6561,303.505,164.439,20.2057,273.239,318.432,62.1915,251.935,237.378,39.1291,314.619,231.256,33.7998,328.751,318.389,54.8123,288.942,417.6,-10.3763,334.532,402.916,54.576,241.966,451.333,145.723,213.371,470.389,176.435,191.522,491.503,207.57,227.021,510.511,207.082,247.729,490.352,174.032,265.042,469.369,145.699,168.514,594.751,235.471,173.866,516.967,232.028,156.183,550.219,248.605,-28.2886,472.76,153.143,-30.3604,481.649,178.959,14.2001,477.803,178.883,11.0217,469.814,151.977
240.486,165.673,36.6284,303.488,164.464,20.1257,273.15,318.435,62.1424,251.899,237.378,39.0889,314.586,231.283,33.7161,328.701,318.421,54.7248,288.851,417.629,-10.4492,334.463,402.944,54.4909,241.903,451.307,145.674,213.312,470.347,176.391,191.462,491.45,207.548,226.949,510.46,207.057,247.666,490.313,174.005,264.981,469.343,145.662,168.457,594.711,235.484,173.805,516.924,232.022,156.118,550.179,248.615,-28.3559,472.736,153.152,-30.4312,481.635,178.964,14.1272,477.773,178.906,10.9589,469.792,151.985
240.474,165.673,36.6025,303.47,164.489,20.0496,273.063,318.442,62.093,251.862,237.379,39.0505,314.55,231.311,33.6366,328.649,318.454,54.6427,288.761,417.658,-10.5179,334.392,402.972,54.4104,241.837,451.281,145.627,213.25,470.307,176.349,191.398,491.399,207.527,226.873,510.411,207.034,247.599,490.276,173.98,264.916,469.318,145.627,168.398,594.672,235.498,173.741,516.882,232.017,156.051,550.141,248.626,-28.4253,472.713,153.161,-30.5043,481.622,178.969,14.0521,477.745,178.928,10.894,469.772,151.993
240.46,165.673,36.5784,303.451,164.514,19.9777,272.976,318.45,62.0431,251.822,237.38,39.0141,314.513,231.338,33.5617,328.596,318.486,54.5661,288.671,417.688,-10.5823,334.32,403,54.3346,241.77,451.257,145.583,213.185,470.268,176.308,191.332,491.349,207.507,226.795,510.363,207.012,247.53,490.24,173.957,264.849,469.293,145.594,168.336,594.634,235.513,173.675,516.842,232.012,155.981,550.105,248.639,-28.4967,472.692,153.17,-30.5794,481.611,178.975,13.9749,477.72,178.95,10.8269,469.753,152.001
240.444,165.673,36.5562,303.431,164.538,19.9099,272.891,318.461,61.993,251.781,237.382,38.9796,314.475,231.366,33.4915,328.54,318.518,54.4952,288.582,417.718,-10.6421,334.247,403.027,54.2638,241.699,451.233,145.54,213.116,470.23,176.269,191.263,491.301,207.488,226.714,510.317,206.993,247.458,490.204,173.936,264.78,469.269,145.564,168.272,594.597,235.529,173.606,516.803,232.009,155.908,550.07,248.652,-28.57,472.672,153.179,-30.6565,481.601,178.98,13.8957,477.697,178.971,10.7577,469.735,152.009
240.426,165.673,36.5358,303.41,164.563,19.8463,272.807,318.474,61.9428,251.738,237.384,38.9471,314.435,231.393,33.426,328.483,318.549,54.4301,288.495,417.748,-10.6973,334.172,403.054,54.1981,241.627,451.21,145.5,213.046,470.194,176.232,191.191,491.255,207.47,226.629,510.271,206.974,247.383,490.17,173.917,264.708,469.246,145.536,168.205,594.562,235.546,173.535,516.765,232.007,155.833,550.036,248.666,-28.6452,472.653,153.188,-30.7356,481.592,178.985,13.8146,477.676,178.991,10.6865,469.719,152.018
240.406,165.673,36.5173,303.389,164.586,19.7869,272.725,318.489,61.8925,251.693,237.387,38.9167,314.394,231.42,33.3654,328.424,318.58,54.3709,288.408,417.779,-10.7478,334.097,403.081,54.1374,241.552,451.188,145.463,212.972,470.159,176.196,191.116,491.211,207.453,226.543,510.227,206.958,247.306,490.137,173.9,264.634,469.223,145.511,168.136,594.528,235.564,173.462,516.728,232.006,155.755,550.004,248.682,-28.7222,472.635,153.197,-30.8167,481.585,178.99,13.7317,477.658,179.01,10.6133,469.705,152.026
240.384,165.673,36.5004,303.366,164.61,19.7316,272.644,318.505,61.8422,251.647,237.39,38.8881,314.352,231.446,33.3094,328.364,318.61,54.3175,288.322,417.81,-10.7936,334.02,403.107,54.0818,241.475,451.167,145.428,212.896,470.125,176.161,191.039,491.169,207.436,226.453,510.185,206.942,247.227,490.104,173.885,264.557,469.201,145.488,168.065,594.495,235.582,173.387,516.693,232.006,155.675,549.973,248.698,-28.801,472.619,153.206,-30.8996,481.579,178.995,13.6471,477.642,179.029,10.5383,469.691,152.034
240.36,165.672,36.4852,303.343,164.632,19.6802,272.565,318.524,61.7919,251.6,237.393,38.8615,314.309,231.471,33.2581,328.302,318.64,54.2697,288.238,417.84,-10.8348,333.942,403.133,54.0312,241.396,451.147,145.396,212.818,470.093,176.129,190.959,491.128,207.421,226.362,510.143,206.929,247.145,490.073,173.871,264.479,469.18,145.467,167.991,594.464,235.602,173.309,516.659,232.006,155.593,549.944,248.715,-28.8815,472.604,153.215,-30.9843,481.575,179,13.5609,477.628,179.046,10.4613,469.68,152.043
240.335,165.671,36.4716,303.319,164.654,19.6326,272.487,318.543,61.7417,251.55,237.396,38.8366,314.264,231.496,33.2113,328.238,318.669,54.2275,288.154,417.87,-10.8715,333.862,403.158,53.9854,241.316,451.127,145.367,212.738,470.063,176.098,190.877,491.09,207.407,226.268,510.104,206.917,247.061,490.043,173.86,264.398,469.159,145.449,167.916,594.434,235.622,173.23,516.627,232.007,155.509,549.916,248.733,-28.9637,472.59,153.224,-31.0707,481.571,179.005,13.4733,477.617,179.063,10.3826,469.669,152.051
240.309,165.669,36.4593,303.294,164.675,19.5884,272.41,318.564,61.6918,251.5,237.399,38.8134,314.218,231.521,33.1689,328.173,318.697,54.1906,288.071,417.9,-10.9038,333.782,403.182,53.9444,241.234,451.109,145.339,212.655,470.034,176.068,190.793,491.053,207.394,226.172,510.065,206.906,246.975,490.014,173.851,264.316,469.14,145.434,167.838,594.405,235.642,173.148,516.596,232.009,155.422,549.889,248.751,-29.0475,472.577,153.233,-31.1588,481.569,179.01,13.3843,477.609,179.079,10.3021,469.66,152.059
240.28,165.667,36.4483,303.269,164.696,19.5475,272.334,318.586,61.6421,251.448,237.402,38.7918,314.171,231.544,33.1305,328.106,318.724,54.1587,287.989,417.93,-10.9321,333.701,403.206,53.9079,241.15,451.091,145.315,212.57,470.006,176.041,190.707,491.019,207.381,226.074,510.029,206.897,246.887,489.986,173.843,264.232,469.12,145.42,167.759,594.378,235.664,173.065,516.567,232.012,155.334,549.864,248.77,-29.1329,472.566,153.242,-31.2484,481.569,179.014,13.294,477.603,179.095,10.22,469.653,152.068
240.251,165.665,36.4384,303.243,164.716,19.5096,272.26,318.608,61.5927,251.395,237.404,38.7716,314.123,231.567,33.0959,328.038,318.751,54.1316,287.907,417.959,-10.9564,333.618,403.229,53.8757,241.064,451.074,145.293,212.484,469.98,176.015,190.618,490.986,207.369,225.974,509.994,206.889,246.798,489.959,173.837,264.146,469.102,145.409,167.678,594.352,235.685,172.98,516.539,232.016,155.244,549.84,248.79,-29.2197,472.556,153.251,-31.3396,481.569,179.019,13.2026,477.599,179.109,10.1363,469.647,152.076
240.221,165.662,36.4295,303.216,164.735,19.4745,272.186,318.632,61.5437,251.341,237.407,38.7527,314.074,231.589,33.0649,327.968,318.776,54.1089,287.825,417.988,-10.9772,333.535,403.252,53.8476,240.977,451.058,145.273,212.395,469.956,175.991,190.528,490.955,207.358,225.873,509.96,206.882,246.707,489.934,173.833,264.059,469.085,145.4,167.595,594.328,235.707,172.894,516.512,232.02,155.153,549.818,248.81,-29.3079,472.547,153.26,-31.4322,481.571,179.024,13.1101,477.598,179.122,10.051,469.642,152.084
240.189,165.658,36.4213,303.189,164.753,19.4417,272.112,318.655,61.4952,251.285,237.409,38.7349,314.024,231.611,33.0372,327.897,318.801,54.0902,287.744,418.016,-10.9947,333.45,403.274,53.8232,240.889,451.043,145.255,212.305,469.933,175.968,190.436,490.926,207.348,225.77,509.928,206.877,246.614,489.909,173.83,263.971,469.068,145.393,167.51,594.305,235.73,172.806,516.487,232.025,155.059,549.797,248.831,-29.3975,472.539,153.269,-31.5262,481.574,179.028,13.0168,477.6,179.135,9.96424,469.638,152.093
240.156,165.654,36.4137,303.161,164.771,19.411,272.038,318.679,61.4473,251.229,237.412,38.7181,313.973,231.632,33.0124,327.825,318.826,54.0753,287.662,418.044,-11.0093,333.364,403.295,53.8023,240.8,451.029,145.24,212.213,469.911,175.947,190.343,490.9,207.339,225.666,509.898,206.873,246.519,489.887,173.829,263.881,469.052,145.388,167.424,594.283,235.753,172.717,516.463,232.03,154.964,549.777,248.852,-29.4884,472.533,153.278,-31.6215,481.578,179.033,12.9227,477.604,179.147,9.87608,469.636,152.101
240.122,165.65,36.4067,303.132,164.789,19.3822,271.965,318.703,61.4002,251.171,237.414,38.702,313.921,231.653,32.9903,327.751,318.85,54.0638,287.58,418.071,-11.0214,333.277,403.316,53.7846,240.709,451.016,145.227,212.12,469.892,175.928,190.248,490.875,207.331,225.56,509.869,206.87,246.424,489.865,173.829,263.79,469.038,145.385,167.337,594.263,235.776,172.626,516.44,232.036,154.868,549.759,248.874,-29.5806,472.528,153.287,-31.7181,481.584,179.038,12.8279,477.611,179.158,9.78658,469.635,152.11
240.087,165.645,36.3999,303.102,164.806,19.3549,271.89,318.726,61.3541,251.112,237.416,38.6866,313.868,231.673,32.9705,327.676,318.873,54.0552,287.497,418.097,-11.0313,333.19,403.337,53.7697,240.617,451.004,145.215,212.026,469.874,175.911,190.151,490.852,207.323,225.454,509.843,206.868,246.327,489.845,173.83,263.697,469.024,145.383,167.248,594.244,235.799,172.534,516.42,232.042,154.77,549.742,248.896,-29.6738,472.523,153.296,-31.8158,481.59,179.042,12.7326,477.62,179.169,9.69581,469.635,152.118
240.051,165.64,36.3933,303.072,164.823,19.329,271.815,318.75,61.309,251.052,237.418,38.6718,313.814,231.692,32.9527,327.599,318.896,54.0492,287.414,418.123,-11.0394,333.101,403.358,53.7575,240.525,450.994,145.206,211.93,469.857,175.894,190.053,490.832,207.316,225.346,509.818,206.867,246.229,489.827,173.832,263.604,469.012,145.383,167.158,594.226,235.823,172.441,516.4,232.049,154.672,549.727,248.918,-29.7682,472.52,153.305,-31.9146,481.598,179.047,12.6368,477.632,179.179,9.60384,469.637,152.127
240.014,165.635,36.3867,303.042,164.84,19.3041,271.738,318.772,61.2652,250.991,237.419,38.6573,313.76,231.712,32.9368,327.521,318.919,54.0455,287.329,418.148,-11.0459,333.011,403.378,53.7476,240.431,450.984,145.198,211.833,469.842,175.88,189.954,490.813,207.309,225.237,509.794,206.867,246.13,489.81,173.836,263.509,469,145.384,167.066,594.21,235.847,172.347,516.382,232.056,154.572,549.714,248.94,-29.8637,472.518,153.314,-32.0145,481.606,179.052,12.5407,477.646,179.188,9.51075,469.639,152.136
239.976,165.63,36.3801,303.01,164.856,19.28,271.66,318.794,61.2228,250.928,237.421,38.643,313.704,231.731,32.9223,327.441,318.942,54.0438,287.243,418.173,-11.0513,332.919,403.398,53.7397,240.337,450.975,145.192,211.735,469.829,175.867,189.854,490.796,207.304,225.128,509.773,206.867,246.03,489.795,173.84,263.414,468.99,145.387,166.973,594.196,235.87,172.252,516.366,232.064,154.47,549.702,248.963,-29.9601,472.517,153.323,-32.1152,481.616,179.056,12.4444,477.662,179.197,9.41659,469.643,152.145
239.937,165.624,36.3733,302.978,164.872,19.2567,271.579,318.815,61.182,250.865,237.423,38.6289,313.647,231.75,32.9091,327.36,318.964,54.0438,287.157,418.197,-11.0558,332.827,403.418,53.7337,240.242,450.968,145.187,211.637,469.817,175.855,189.753,490.782,207.299,225.017,509.754,206.869,245.929,489.781,173.846,263.318,468.981,145.39,166.88,594.183,235.894,172.156,516.351,232.072,154.368,549.691,248.986,-30.0574,472.517,153.332,-32.2169,481.626,179.061,12.3481,477.681,179.205,9.32143,469.648,152.154
239.898,165.619,36.3662,302.945,164.889,19.2338,271.497,318.835,61.1429,250.801,237.424,38.6148,313.59,231.769,32.897,327.278,318.987,54.045,287.068,418.221,-11.0596,332.734,403.438,53.7291,240.146,450.962,145.184,211.537,469.807,175.844,189.651,490.769,207.294,224.907,509.736,206.871,245.827,489.769,173.852,263.221,468.974,145.395,166.785,594.171,235.918,172.059,516.338,232.081,154.265,549.682,249.009,-30.1556,472.518,153.341,-32.3195,481.638,179.066,12.2517,477.702,179.213,9.22536,469.653,152.163
239.858,165.613,36.3588,302.912,164.905,19.2114,271.412,318.854,61.1056,250.735,237.425,38.6006,313.531,231.788,32.8857,327.194,319.009,54.0474,286.979,418.244,-11.063,332.64,403.458,53.7259,240.049,450.957,145.182,211.437,469.799,175.835,189.548,490.759,207.29,224.796,509.721,206.874,245.725,489.759,173.859,263.123,468.968,145.4,166.69,594.161,235.942,171.962,516.326,232.09,154.162,549.674,249.032,-30.2545,472.52,153.35,-32.4227,481.65,179.071,12.1555,477.725,179.221,9.12843,469.66,152.172
239.817,165.607,36.3509,302.878,164.922,19.1892,271.325,318.872,61.0703,250.669,237.427,38.5864,313.472,231.807,32.8751,327.109,319.032,54.0507,286.888,418.266,-11.0661,332.545,403.479,53.7237,239.952,450.953,145.181,211.336,469.792,175.827,189.444,490.75,207.287,224.684,509.707,206.877,245.622,489.75,173.866,263.025,468.963,145.406,166.593,594.153,235.966,171.864,516.316,232.099,154.057,549.668,249.055,-30.3542,472.523,153.36,-32.5267,481.663,179.076,12.0595,477.751,179.228,9.03071,469.668,152.182
239.775,165.602,36.3427,302.844,164.938,19.1673,271.235,318.889,61.037,250.602,237.428,38.5719,313.412,231.826,32.865,327.023,319.054,54.0547,286.795,418.289,-11.0691,332.448,403.499,53.7225,239.854,450.951,145.182,211.234,469.787,175.821,189.34,490.743,207.285,224.572,509.695,206.881,245.519,489.743,173.874,262.926,468.96,145.413,166.496,594.146,235.989,171.765,516.308,232.109,153.952,549.663,249.079,-30.4546,472.527,153.369,-32.6313,481.677,179.082,11.9638,477.778,179.235,8.93228,469.677,152.191
239.732,165.596,36.334,302.809,164.955,19.1456,271.142,318.904,61.0057,250.534,237.43,38.5573,313.351,231.845,32.8554,326.935,319.077,54.0593,286.701,418.311,-11.0721,332.351,403.52,53.7221,239.756,450.95,145.183,211.132,469.784,175.815,189.235,490.738,207.283,224.46,509.685,206.885,245.415,489.738,173.882,262.826,468.958,145.42,166.398,594.14,236.013,171.666,516.3,232.118,153.846,549.659,249.102,-30.5555,472.531,153.379,-32.7365,481.692,179.087,11.8685,477.808,179.242,8.83319,469.687,152.201
239.689,165.591,36.3249,302.773,164.972,19.124,271.046,318.918,60.9766,250.465,237.431,38.5425,313.289,231.865,32.8462,326.846,319.1,54.0642,286.605,418.332,-11.0753,332.253,403.541,53.7223,239.657,450.95,145.185,211.03,469.782,175.811,189.13,490.736,207.282,224.348,509.677,206.89,245.31,489.735,173.891,262.726,468.957,145.427,166.3,594.136,236.036,171.566,516.295,232.129,153.74,549.658,249.125,-30.657,472.537,153.389,-32.8421,481.707,179.093,11.7737,477.839,179.249,8.73352,469.697,152.212
239.645,165.585,36.3153,302.737,164.989,19.1026,270.948,318.932,60.9496,250.395,237.433,38.5274,313.227,231.885,32.8371,326.756,319.123,54.0694,286.508,418.354,-11.0786,332.154,403.562,53.7229,239.558,450.952,145.188,210.927,469.782,175.808,189.025,490.735,207.281,224.236,509.671,206.895,245.206,489.733,173.9,262.626,468.958,145.435,166.2,594.134,236.06,171.466,516.291,232.139,153.634,549.657,249.148,-30.759,472.543,153.398,-32.9482,481.724,179.098,11.6794,477.872,179.256,8.63332,469.709,152.222
239.6,165.58,36.3053,302.7,165.006,19.0814,270.847,318.944,60.9247,250.324,237.435,38.5121,313.164,231.904,32.8284,326.665,319.147,54.0748,286.409,418.375,-11.0821,332.054,403.584,53.724,239.458,450.955,145.191,210.824,469.783,175.805,188.919,490.735,207.281,224.124,509.667,206.901,245.101,489.733,173.909,262.525,468.961,145.443,166.101,594.133,236.083,171.365,516.289,232.15,153.527,549.658,249.171,-30.8615,472.55,153.409,-33.0547,481.741,179.105,11.5858,477.906,179.263,8.53266,469.721,152.233
239.555,165.575,36.295,302.663,165.024,19.0604,270.743,318.955,60.9017,250.253,237.436,38.4966,313.1,231.925,32.8197,326.572,319.171,54.0803,286.309,418.396,-11.0858,331.953,403.606,53.7254,239.358,450.959,145.195,210.721,469.786,175.804,188.813,490.738,207.282,224.012,509.665,206.906,244.996,489.735,173.919,262.424,468.965,145.452,166.001,594.133,236.106,171.265,516.288,232.161,153.419,549.661,249.195,-30.9643,472.557,153.419,-33.1614,481.758,179.111,11.4928,477.942,179.271,8.43161,469.734,152.244
239.51,165.57,36.2842,302.625,165.042,19.0396,270.637,318.965,60.8807,250.181,237.438,38.4809,313.035,231.945,32.8113,326.478,319.195,54.086,286.208,418.418,-11.0897,331.851,403.628,53.7271,239.258,450.965,145.2,210.618,469.791,175.803,188.707,490.742,207.283,223.9,509.664,206.913,244.89,489.738,173.929,262.322,468.97,145.46,165.9,594.135,236.129,171.164,516.288,232.172,153.312,549.665,249.218,-31.0674,472.566,153.429,-33.2685,481.776,179.117,11.4005,477.98,179.279,8.33022,469.747,152.255
239.464,165.566,36.2732,302.587,165.06,19.0192,270.529,318.974,60.8615,250.109,237.44,38.4651,312.97,231.966,32.803,326.384,319.22,54.0917,286.105,418.439,-11.0939,331.748,403.651,53.729,239.157,450.972,145.205,210.515,469.797,175.804,188.601,490.748,207.285,223.788,509.666,206.919,244.785,489.743,173.938,262.22,468.977,145.469,165.8,594.139,236.151,171.063,516.291,232.184,153.204,549.67,249.241,-31.1708,472.575,153.44,-33.3757,481.795,179.124,11.309,478.018,179.287,8.22855,469.762,152.267
239.417,165.561,36.262,302.549,165.078,18.9991,270.419,318.983,60.8439,250.035,237.442,38.4492,312.904,231.987,32.7949,326.288,319.245,54.0975,286.001,418.461,-11.0982,331.645,403.675,53.731,239.057,450.98,145.211,210.411,469.804,175.805,188.495,490.756,207.287,223.677,509.669,206.926,244.679,489.75,173.948,262.118,468.985,145.478,165.699,594.144,236.174,170.962,516.294,232.196,153.097,549.677,249.264,-31.2745,472.584,153.451,-33.4831,481.814,179.131,11.2182,478.058,179.296,8.12667,469.777,152.279
239.37,165.557,36.2505,302.51,165.097,18.9793,270.307,318.991,60.8279,249.962,237.444,38.4332,312.838,232.009,32.7869,326.191,319.271,54.1033,285.896,418.482,-11.1026,331.54,403.699,53.7331,238.955,450.99,145.217,210.308,469.813,175.807,188.389,490.765,207.29,223.566,509.674,206.933,244.574,489.758,173.958,262.016,468.995,145.486,165.597,594.15,236.196,170.861,516.299,232.208,152.989,549.685,249.287,-31.3783,472.594,153.462,-33.5906,481.834,179.139,11.1282,478.098,179.305,8.02462,469.792,152.292
239.323,165.553,36.2388,302.472,165.116,18.96,270.194,318.999,60.8135,249.888,237.446,38.4173,312.771,232.031,32.7791,326.094,319.297,54.1091,285.789,418.504,-11.1071,331.435,403.723,53.7353,238.854,451.001,145.223,210.204,469.823,175.81,188.283,490.775,207.294,223.455,509.681,206.94,244.468,489.768,173.968,261.913,469.006,145.495,165.496,594.158,236.218,170.76,516.306,232.22,152.881,549.695,249.309,-31.4822,472.605,153.473,-33.6982,481.854,179.146,11.0389,478.139,179.316,7.92246,469.808,152.304
239.276,165.549,36.2271,302.433,165.135,18.9412,270.08,319.007,60.8004,249.814,237.449,38.4013,312.703,232.053,32.7715,325.996,319.323,54.1151,285.682,418.526,-11.1116,331.33,403.748,53.7376,238.753,451.013,145.23,210.101,469.835,175.813,188.177,490.788,207.298,223.345,509.689,206.947,244.363,489.78,173.978,261.81,469.019,145.504,165.394,594.167,236.24,170.659,516.314,232.233,152.774,549.706,249.332,-31.5862,472.616,153.485,-33.8057,481.875,179.155,10.9502,478.179,179.327,7.82024,469.825,152.318
239.228,165.545,36.2153,302.394,165.155,18.9229,269.965,319.014,60.7887,249.74,237.451,38.3855,312.636,232.076,32.7641,325.897,319.35,54.1211,285.574,418.549,-11.116,331.223,403.774,53.7399,238.651,451.026,145.236,209.998,469.848,175.818,188.072,490.801,207.303,223.235,509.699,206.955,244.257,489.793,173.988,261.707,469.033,145.512,165.293,594.177,236.261,170.558,516.323,232.246,152.666,549.718,249.355,-31.6902,472.628,153.497,-33.9132,481.896,179.163,10.8623,478.22,179.339,7.71801,469.842,152.332
239.181,165.542,36.2035,302.355,165.175,18.9051,269.85,319.021,60.7782,249.665,237.454,38.3697,312.568,232.1,32.757,325.798,319.377,54.1273,285.465,418.572,-11.1203,331.116,403.8,53.7423,238.549,451.041,145.243,209.895,469.862,175.823,187.966,490.816,207.309,223.126,509.71,206.963,244.152,489.807,173.998,261.604,469.048,145.521,165.191,594.189,236.283,170.457,516.334,232.259,152.559,549.731,249.377,-31.7942,472.64,153.509,-34.0206,481.917,179.172,10.775,478.261,179.352,7.61582,469.86,152.346
239.133,165.539,36.1918,302.316,165.195,18.8879,269.734,319.029,60.769,249.59,237.457,38.3542,312.5,232.123,32.75,325.698,319.405,54.1335,285.355,418.595,-11.1245,331.008,403.827,53.7447,238.447,451.057,145.251,209.792,469.877,175.828,187.862,490.832,207.315,223.018,509.723,206.971,244.047,489.823,174.008,261.501,469.064,145.53,165.089,594.202,236.304,170.357,516.346,232.273,152.452,549.746,249.4,-31.8982,472.653,153.522,-34.1279,481.939,179.181,10.6882,478.302,179.366,7.51372,469.878,152.36
239.086,165.536,36.1801,302.277,165.216,18.8712,269.618,319.036,60.761,249.516,237.46,38.3388,312.431,232.148,32.7432,325.598,319.433,54.1398,285.245,418.619,-11.1285,330.9,403.854,53.7473,238.345,451.073,145.258,209.69,469.894,175.834,187.757,490.849,207.321,222.91,509.738,206.979,243.942,489.84,174.018,261.398,469.082,145.538,164.988,594.217,236.325,170.257,516.359,232.287,152.345,549.762,249.422,-32.0021,472.666,153.535,-34.235,481.96,179.191,10.6019,478.341,179.381,7.41174,469.897,152.376
239.038,165.534,36.1685,302.238,165.237,18.855,269.501,319.043,60.7541,249.441,237.463,38.3237,312.363,232.172,32.7367,325.497,319.461,54.1463,285.134,418.643,-11.1322,330.791,403.882,53.7499,238.243,451.091,145.266,209.588,469.911,175.841,187.653,490.868,207.329,222.802,509.754,206.988,243.837,489.859,174.028,261.295,469.101,145.547,164.886,594.233,236.346,170.157,516.374,232.301,152.238,549.779,249.445,-32.1058,472.679,153.548,-34.3419,481.983,179.201,10.516,478.38,179.398,7.30994,469.916,152.391
238.991,165.532,36.157,302.2,165.259,18.8393,269.385,319.05,60.7484,249.367,237.467,38.3089,312.294,232.197,32.7304,325.396,319.491,54.1529,285.023,418.668,-11.1356,330.682,403.911,53.7525,238.141,451.11,145.274,209.486,469.93,175.848,187.55,490.887,207.337,222.696,509.771,206.997,243.733,489.878,174.038,261.192,469.121,145.556,164.785,594.25,236.367,170.057,516.39,232.316,152.132,549.798,249.467,-32.2094,472.693,153.562,-34.4485,482.005,179.211,10.4303,478.417,179.416,7.20835,469.935,152.408
238.944,165.53,36.1456,302.161,165.281,18.8241,269.27,319.058,60.7438,249.293,237.471,38.2943,312.226,232.223,32.7243,325.296,319.52,54.1596,284.911,418.693,-11.1388,330.573,403.94,53.7553,238.039,451.131,145.282,209.384,469.95,175.856,187.447,490.908,207.345,222.59,509.789,207.007,243.628,489.899,174.048,261.09,469.142,145.564,164.684,594.268,236.387,169.958,516.407,232.331,152.026,549.817,249.49,-32.3128,472.707,153.576,-34.5548,482.028,179.222,10.3449,478.453,179.436,7.107,469.955,152.424
238.898,165.529,36.1344,302.123,165.303,18.8093,269.154,319.066,60.7403,249.219,237.475,38.2801,312.157,232.249,32.7183,325.195,319.55,54.1663,284.799,418.719,-11.1416,330.463,403.97,53.7583,237.937,451.152,145.29,209.283,469.97,175.864,187.344,490.929,207.354,222.484,509.809,207.016,243.525,489.921,174.059,260.987,469.164,145.573,164.583,594.287,236.408,169.859,516.425,232.346,151.921,549.838,249.512,-32.4159,472.722,153.59,-34.6609,482.051,179.233,10.2595,478.487,179.457,7.00594,469.975,152.442
238.852,165.528,36.1234,302.085,165.326,18.795,269.039,319.074,60.7379,249.145,237.48,38.2663,312.089,232.276,32.7124,325.094,319.581,54.1732,284.686,418.746,-11.144,330.354,404,53.7613,237.836,451.174,145.298,209.183,469.991,175.873,187.242,490.952,207.364,222.379,509.829,207.026,243.421,489.944,174.069,260.884,469.188,145.582,164.482,594.307,236.428,169.761,516.444,232.362,151.816,549.859,249.534,-32.5188,472.737,153.605,-34.7666,482.074,179.245,10.1742,478.519,179.48,6.9052,469.995,152.459
238.806,165.527,36.1126,302.048,165.35,18.7809,268.925,319.082,60.7365,249.072,237.485,38.2528,312.021,232.303,32.7067,324.994,319.611,54.1802,284.574,418.773,-11.1461,330.244,404.031,53.7645,237.734,451.196,145.307,209.082,470.013,175.882,187.141,490.975,207.374,222.275,509.851,207.036,243.318,489.967,174.079,260.782,469.212,145.59,164.382,594.329,236.448,169.663,516.464,232.378,151.712,549.882,249.557,-32.6215,472.752,153.62,-34.8719,482.097,179.257,10.0887,478.548,179.505,6.8048,470.015,152.478
238.761,165.528,36.102,302.011,165.374,18.7671,268.812,319.09,60.736,249,237.49,38.2397,311.954,232.331,32.7011,324.894,319.643,54.1872,284.461,418.8,-11.1478,330.135,404.062,53.7679,237.633,451.22,145.315,208.982,470.036,175.891,187.04,490.999,207.385,222.172,509.874,207.046,243.216,489.992,174.09,260.68,469.237,145.599,164.282,594.352,236.469,169.566,516.486,232.394,151.608,549.906,249.579,-32.7237,472.767,153.635,-34.9768,482.121,179.27,10.0029,478.575,179.531,6.70478,470.036,152.497
238.716,165.528,36.0916,301.975,165.399,18.7535,268.7,319.099,60.7364,248.928,237.496,38.227,311.886,232.359,32.6955,324.794,319.675,54.1942,284.349,418.828,-11.1491,330.025,404.094,53.7714,237.532,451.245,145.324,208.883,470.06,175.901,186.94,491.023,207.397,222.07,509.897,207.057,243.114,490.017,174.1,260.578,469.262,145.608,164.182,594.375,236.489,169.469,516.508,232.411,151.505,549.93,249.601,-32.8257,472.782,153.651,-35.0812,482.144,179.283,9.91679,478.599,179.559,6.60516,470.057,152.516
238.672,165.529,36.0814,301.939,165.424,18.7401,268.589,319.108,60.7376,248.857,237.502,38.2148,311.819,232.387,32.69,324.695,319.707,54.2012,284.236,418.857,-11.1501,329.916,404.126,53.775,237.432,451.27,145.333,208.784,470.084,175.912,186.84,491.048,207.409,221.968,509.922,207.068,243.012,490.044,174.111,260.477,469.289,145.617,164.083,594.4,236.509,169.373,516.531,232.428,151.402,549.956,249.624,-32.9273,472.798,153.667,-35.1853,482.168,179.297,9.83019,478.62,179.589,6.50598,470.078,152.536
238.629,165.531,36.0714,301.903,165.449,18.7269,268.479,319.118,60.7396,248.787,237.509,38.2029,311.753,232.416,32.6844,324.596,319.739,54.2081,284.124,418.885,-11.1506,329.807,404.159,53.7789,237.332,451.296,145.342,208.686,470.109,175.922,186.742,491.074,207.421,221.867,509.947,207.079,242.911,490.07,174.122,260.376,469.316,145.626,163.984,594.425,236.529,169.277,516.555,232.446,151.3,549.982,249.646,-33.0285,472.814,153.684,-35.2888,482.192,179.311,9.743,478.638,179.62,6.40724,470.099,152.557
238.586,165.533,36.0616,301.868,165.475,18.7136,268.37,319.128,60.7421,248.717,237.516,38.1915,311.687,232.445,32.6787,324.499,319.772,54.215,284.012,418.914,-11.1507,329.699,404.192,53.7829,237.232,451.322,145.351,208.589,470.134,175.933,186.644,491.101,207.435,221.767,509.973,207.091,242.811,490.098,174.133,260.276,469.343,145.635,163.885,594.451,236.549,169.182,516.58,232.463,151.198,550.01,249.669,-33.1293,472.83,153.701,-35.3919,482.216,179.326,9.6551,478.653,179.653,6.30898,470.121,152.579
238.545,165.535,36.052,301.833,165.501,18.7004,268.262,319.138,60.7453,248.648,237.523,38.1805,311.622,232.475,32.673,324.402,319.805,54.2217,283.9,418.944,-11.1505,329.591,404.225,53.7871,237.133,451.349,145.36,208.492,470.16,175.945,186.546,491.127,207.449,221.668,509.999,207.103,242.711,490.126,174.144,260.176,469.371,145.645,163.787,594.479,236.569,169.087,516.606,232.482,151.097,550.038,249.691,-33.2297,472.847,153.719,-35.4944,482.24,179.341,9.56638,478.664,179.689,6.21121,470.142,152.601
238.503,165.538,36.0427,301.799,165.528,18.6872,268.156,319.149,60.7491,248.58,237.531,38.17,311.558,232.504,32.6672,324.306,319.838,54.2283,283.788,418.973,-11.1498,329.484,404.258,53.7915,237.034,451.377,145.369,208.395,470.186,175.956,186.45,491.154,207.463,221.57,510.026,207.115,242.612,490.154,174.155,260.076,469.4,145.654,163.69,594.507,236.589,168.994,516.632,232.5,150.997,550.067,249.714,-33.3297,472.863,153.737,-35.5965,482.264,179.357,9.47674,478.671,179.726,6.11395,470.164,152.623
238.463,165.542,36.0336,301.765,165.555,18.6738,268.052,319.16,60.7536,248.514,237.539,38.1599,311.494,232.534,32.6613,324.211,319.872,54.2347,283.678,419.003,-11.1488,329.377,404.292,53.7961,236.936,451.405,145.379,208.3,470.212,175.968,186.354,491.182,207.478,221.472,510.054,207.128,242.513,490.183,174.166,259.977,469.429,145.664,163.593,594.536,236.61,168.901,516.659,232.519,150.897,550.097,249.736,-33.4292,472.88,153.755,-35.6979,482.288,179.373,9.38607,478.675,179.764,6.01721,470.186,152.646
238.423,165.545,36.0248,301.732,165.582,18.6604,267.949,319.172,60.7586,248.448,237.547,38.1502,311.431,232.564,32.6552,324.117,319.905,54.2409,283.567,419.033,-11.1473,329.271,404.325,53.8009,236.838,451.434,145.389,208.205,470.239,175.98,186.259,491.21,207.493,221.376,510.081,207.14,242.415,490.212,174.178,259.879,469.458,145.674,163.496,594.565,236.63,168.808,516.687,232.539,150.798,550.127,249.759,-33.5282,472.896,153.774,-35.7989,482.312,179.39,9.29428,478.675,179.805,5.92102,470.208,152.67
238.384,165.549,36.0161,301.699,165.609,18.6469,267.847,319.183,60.7643,248.383,237.555,38.141,311.368,232.594,32.6489,324.025,319.938,54.2468,283.457,419.062,-11.1456,329.166,404.359,53.8059,236.742,451.462,145.398,208.11,470.266,175.993,186.165,491.238,207.509,221.28,510.11,207.153,242.318,490.242,174.189,259.782,469.487,145.684,163.4,594.596,236.65,168.716,516.716,232.559,150.7,550.158,249.782,-33.6268,472.913,153.793,-35.8992,482.336,179.407,9.20128,478.671,179.847,5.82538,470.23,152.695
238.345,165.554,36.0077,301.667,165.636,18.6332,267.747,319.195,60.7707,248.319,237.563,38.1322,311.307,232.624,32.6425,323.933,319.972,54.2523,283.349,419.092,-11.1434,329.063,404.392,53.811,236.646,451.491,145.408,208.017,470.293,176.006,186.072,491.266,207.525,221.185,510.139,207.167,242.222,490.271,174.201,259.685,469.516,145.695,163.305,594.627,236.67,168.625,516.745,232.579,150.602,550.19,249.805,-33.7248,472.93,153.813,-35.999,482.36,179.424,9.10696,478.663,179.891,5.73031,470.252,152.72
238.308,165.558,35.9996,301.635,165.664,18.6194,267.648,319.207,60.7778,248.256,237.572,38.1238,311.246,232.654,32.6358,323.843,320.005,54.2576,283.24,419.121,-11.1409,328.96,404.425,53.8163,236.55,451.521,145.419,207.924,470.32,176.019,185.98,491.294,207.542,221.091,510.168,207.18,242.126,490.301,174.213,259.588,469.546,145.705,163.21,594.659,236.691,168.535,516.775,232.599,150.506,550.223,249.828,-33.8224,472.948,153.833,-36.0982,482.384,179.443,9.01126,478.651,179.936,5.63581,470.275,152.745
238.271,165.563,35.9916,301.604,165.691,18.6054,267.55,319.218,60.7859,248.195,237.581,38.1158,311.187,232.684,32.6289,323.754,320.037,54.2625,283.133,419.15,-11.1382,328.858,404.458,53.8218,236.456,451.55,145.429,207.832,470.348,176.032,185.889,491.323,207.56,220.998,510.197,207.194,242.032,490.331,174.226,259.493,469.575,145.716,163.116,594.691,236.711,168.445,516.805,232.62,150.41,550.256,249.851,-33.9195,472.965,153.854,-36.1968,482.409,179.461,8.91409,478.635,179.983,5.5419,470.297,152.772
238.234,165.567,35.9839,301.573,165.718,18.5912,267.454,319.229,60.7948,248.134,237.589,38.1081,311.128,232.713,32.6218,323.667,320.07,54.2669,283.027,419.179,-11.1351,328.757,404.491,53.8275,236.362,451.58,145.439,207.741,470.375,176.045,185.798,491.352,207.578,220.906,510.226,207.208,241.938,490.361,174.238,259.398,469.605,145.727,163.022,594.724,236.731,168.356,516.835,232.642,150.314,550.289,249.874,-34.0161,472.982,153.875,-36.2948,482.433,179.481,8.81539,478.615,180.031,5.44858,470.319,152.799
238.198,165.572,35.9764,301.543,165.745,18.5769,267.359,319.24,60.8049,248.075,237.598,38.1009,311.07,232.743,32.6145,323.581,320.102,54.271,282.922,419.207,-11.1318,328.658,404.524,53.8333,236.269,451.61,145.45,207.65,470.403,176.059,185.709,491.38,207.596,220.815,510.256,207.223,241.845,490.391,174.251,259.304,469.634,145.738,162.929,594.758,236.752,168.268,516.867,232.663,150.22,550.324,249.897,-34.1121,473,153.896,-36.3922,482.457,179.5,8.71509,478.59,180.081,5.35586,470.342,152.826
238.163,165.577,35.9691,301.512,165.772,18.5624,267.265,319.25,60.8161,248.017,237.607,38.094,311.013,232.771,32.6069,323.497,320.133,54.2745,282.818,419.235,-11.1283,328.56,404.556,53.8392,236.177,451.64,145.461,207.561,470.431,176.072,185.62,491.409,207.615,220.725,510.286,207.238,241.753,490.421,174.264,259.211,469.663,145.75,162.836,594.792,236.772,168.181,516.898,232.686,150.126,550.359,249.921,-34.2077,473.017,153.918,-36.489,482.481,179.52,8.61312,478.562,180.133,5.26374,470.364,152.854
238.128,165.582,35.962,301.483,165.798,18.5478,267.173,319.26,60.8287,247.96,237.615,38.0874,310.957,232.8,32.5991,323.414,320.164,54.2776,282.715,419.262,-11.1246,328.463,404.588,53.8453,236.086,451.669,145.472,207.472,470.459,176.086,185.532,491.438,207.634,220.636,510.316,207.253,241.661,490.451,174.277,259.119,469.692,145.762,162.745,594.827,236.793,168.094,516.93,232.708,150.033,550.394,249.944,-34.3027,473.035,153.94,-36.5851,482.505,179.541,8.50944,478.529,180.185,5.17224,470.387,152.883
238.094,165.587,35.9551,301.453,165.824,18.533,267.081,319.268,60.8428,247.904,237.624,38.0812,310.902,232.828,32.5911,323.333,320.195,54.2801,282.613,419.289,-11.1207,328.367,404.619,53.8515,235.996,451.699,145.483,207.384,470.486,176.101,185.445,491.466,207.654,220.548,510.346,207.268,241.571,490.481,174.29,259.028,469.721,145.774,162.653,594.862,236.814,168.009,516.963,232.731,149.941,550.43,249.968,-34.3971,473.053,153.963,-36.6806,482.529,179.562,8.404,478.492,180.239,5.08135,470.41,152.913
238.06,165.592,35.9483,301.424,165.849,18.518,266.99,319.276,60.8586,247.849,237.632,38.0753,310.848,232.855,32.5828,323.254,320.224,54.2821,282.512,419.314,-11.1168,328.273,404.649,53.8577,235.906,451.729,145.494,207.297,470.514,176.115,185.359,491.495,207.674,220.46,510.376,207.283,241.481,490.511,174.304,258.938,469.749,145.786,162.563,594.898,236.835,167.923,516.995,232.754,149.849,550.466,249.991,-34.4911,473.071,153.986,-36.7755,482.553,179.584,8.29675,478.452,180.295,4.99107,470.432,152.943
238.027,165.596,35.9417,301.395,165.874,18.5029,266.9,319.282,60.876,247.796,237.641,38.0697,310.795,232.882,32.5743,323.176,320.253,54.2835,282.413,419.34,-11.1128,328.18,404.68,53.864,235.818,451.759,145.506,207.211,470.542,176.129,185.275,491.524,207.695,220.374,510.406,207.299,241.393,490.541,174.317,258.848,469.777,145.799,162.473,594.934,236.856,167.839,517.029,232.778,149.758,550.503,250.015,-34.5845,473.089,154.01,-36.8698,482.577,179.606,8.18766,478.407,180.351,4.90142,470.455,152.973
237.994,165.601,35.9353,301.366,165.899,18.4877,266.811,319.288,60.8954,247.744,237.649,38.0643,310.743,232.909,32.5655,323.1,320.282,54.2843,282.315,419.364,-11.1088,328.088,404.709,53.8704,235.731,451.788,145.517,207.125,470.57,176.144,185.191,491.553,207.716,220.289,510.436,207.315,241.305,490.57,174.331,258.759,469.805,145.812,162.384,594.971,236.877,167.756,517.062,232.802,149.668,550.541,250.039,-34.6773,473.107,154.034,-36.9635,482.602,179.629,8.07669,478.357,180.409,4.81238,470.478,153.005
237.962,165.605,35.929,301.338,165.923,18.4723,266.723,319.292,60.9167,247.693,237.657,38.0593,310.692,232.934,32.5565,323.026,320.309,54.2844,282.218,419.388,-11.1048,327.998,404.738,53.8768,235.644,451.818,145.529,207.041,470.597,176.159,185.108,491.581,207.738,220.204,510.466,207.332,241.218,490.6,174.345,258.672,469.832,145.825,162.295,595.009,236.898,167.673,517.096,232.827,149.579,550.579,250.063,-34.7697,473.125,154.059,-37.0565,482.626,179.653,7.96383,478.304,180.468,4.72398,470.501,153.037
237.93,165.609,35.9228,301.31,165.946,18.4567,266.635,319.294,60.9399,247.643,237.664,38.0545,310.642,232.96,32.5472,322.953,320.336,54.284,282.122,419.41,-11.1009,327.909,404.767,53.8833,235.559,451.848,145.541,206.957,470.625,176.174,185.026,491.61,207.76,220.121,510.497,207.348,241.132,490.629,174.36,258.585,469.859,145.839,162.207,595.047,236.919,167.591,517.13,232.852,149.491,550.617,250.087,-34.8614,473.143,154.084,-37.1489,482.65,179.676,7.84905,478.246,180.529,4.63619,470.523,153.069
237.899,165.613,35.9168,301.282,165.969,18.441,266.548,319.296,60.9652,247.594,237.672,38.05,310.593,232.984,32.5376,322.882,320.362,54.2829,282.028,419.432,-11.0969,327.822,404.794,53.8897,235.475,451.877,145.553,206.874,470.652,176.189,184.944,491.638,207.782,220.039,510.527,207.365,241.048,490.658,174.374,258.499,469.886,145.852,162.12,595.086,236.94,167.51,517.165,232.877,149.403,550.656,250.111,-34.9527,473.162,154.109,-37.2406,482.673,179.701,7.73233,478.185,180.59,4.54903,470.546,153.103
237.868,165.617,35.911,301.254,165.991,18.4252,266.461,319.296,60.9925,247.546,237.679,38.0458,310.546,233.008,32.5278,322.812,320.387,54.2812,281.935,419.453,-11.0931,327.736,404.822,53.8963,235.391,451.906,145.565,206.792,470.68,176.204,184.864,491.666,207.805,219.957,510.557,207.382,240.964,490.687,174.389,258.414,469.912,145.866,162.033,595.125,236.962,167.43,517.2,232.903,149.317,550.696,250.136,-35.0434,473.18,154.135,-37.3317,482.697,179.725,7.61367,478.119,180.653,4.4625,470.569,153.136
237.838,165.62,35.9052,301.227,166.013,18.4092,266.375,319.294,61.0218,247.5,237.686,38.0419,310.499,233.031,32.5178,322.744,320.411,54.2789,281.843,419.474,-11.0893,327.651,404.848,53.9028,235.309,451.935,145.578,206.711,470.707,176.219,184.785,491.695,207.828,219.877,510.587,207.4,240.881,490.716,174.404,258.331,469.938,145.88,161.947,595.164,236.983,167.35,517.235,232.929,149.231,550.736,250.16,-35.1335,473.198,154.161,-37.4222,482.721,179.751,7.49305,478.049,180.717,4.3766,470.592,153.171
237.808,165.624,35.8996,301.2,166.034,18.3931,266.29,319.292,61.0531,247.454,237.693,38.0382,310.453,233.054,32.5074,322.678,320.435,54.2759,281.753,419.493,-11.0856,327.568,404.874,53.9094,235.227,451.964,145.59,206.631,470.734,176.235,184.707,491.723,207.852,219.797,510.617,207.417,240.799,490.745,174.419,258.248,469.964,145.895,161.862,595.204,237.005,167.271,517.271,232.956,149.145,550.776,250.184,-35.2231,473.217,154.188,-37.512,482.745,179.777,7.37048,477.974,180.782,4.29132,470.615,153.206
237.779,165.627,35.8941,301.173,166.054,18.3769,266.205,319.287,61.0865,247.41,237.7,38.0347,310.408,233.076,32.4969,322.614,320.458,54.2722,281.664,419.511,-11.082,327.486,404.899,53.916,235.147,451.993,145.603,206.552,470.762,176.25,184.63,491.751,207.876,219.719,510.648,207.435,240.717,490.773,174.435,258.166,469.989,145.91,161.777,595.245,237.026,167.193,517.307,232.983,149.061,550.817,250.209,-35.3122,473.236,154.215,-37.6012,482.769,179.803,7.24595,477.896,180.848,4.20667,470.638,153.242
237.75,165.63,35.8887,301.146,166.074,18.3605,266.121,319.282,61.122,247.367,237.706,38.0316,310.364,233.097,32.486,322.551,320.48,54.2679,281.576,419.529,-11.0784,327.406,404.924,53.9226,235.068,452.022,145.616,206.474,470.789,176.266,184.553,491.779,207.901,219.641,510.678,207.453,240.637,490.801,174.45,258.084,470.014,145.925,161.693,595.286,237.048,167.116,517.344,233.01,148.977,550.858,250.234,-35.4007,473.254,154.243,-37.6898,482.793,179.83,7.11945,477.814,180.916,4.12264,470.661,153.278
237.721,165.633,35.8834,301.12,166.093,18.344,266.037,319.275,61.1594,247.326,237.712,38.0286,310.321,233.118,32.4749,322.49,320.501,54.263,281.489,419.546,-11.0749,327.327,404.948,53.9292,234.989,452.051,145.629,206.396,470.816,176.282,184.478,491.807,207.926,219.565,510.708,207.472,240.558,490.829,174.466,258.004,470.038,145.94,161.61,595.327,237.07,167.04,517.38,233.038,148.895,550.9,250.259,-35.4887,473.273,154.271,-37.7777,482.817,179.857,6.991,477.727,180.984,4.03925,470.684,153.315
